grani_alti.asc
ncols       801
nrows       801
xllcorner   268968
yllcorner   5401414
cellsize    30
NODATA_value  -1
[rows 760 to 797 of 801, columns 0 to 85 of 801]
1356 1356 1356 1358 1360 1362 1369 1372 1376 1381 1390 1393 1396 1402 1393 1397 1409 1417 1427 1437 1456 1465 1472 1481 1482 1485 1493 1515 1526 1539 1555 1558 1562 1564 1563 1561 1553 1515 1494 1470 1435 1417 1400 1388 1348 1322 1272 1242 1230 1221 1213 1197 1190 1182 1168 1161 1155 1144 1141 1138 1136 1132 1130 1129 1125 1123 1121 1119 1115 1113 1111 1106 1103 1101 1098 1093 1092 1090 1087 1093 1092 1087 1084 1081 1077 1070
1353 1351 1351 1351 1352 1353 1357 1360 1364 1368 1377 1381 1383 1389 1393 1385 1389 1399 1406 1415 1431 1440 1447 1456 1457 1461 1470 1491 1502 1520 1535 1536 1537 1537 1536 1529 1516 1475 1455 1434 1416 1389 1375 1359 1317 1293 1272 1226 1217 1209 1202 1188 1181 1175 1162 1156 1150 1146 1141 1139 1139 1138 1136 1135 1130 1128 1126 1124 1120 1118 1115 1111 1108 1106 1104 1100 1098 1097 1094 1093 1103 1101 1093 1090 1087 1078
1352 1350 1348 1346 1346 1346 1348 1350 1352 1356 1364 1368 1371 1378 1381 1385 1376 1384 1389 1395 1408 1415 1421 1426 1433 1438 1448 1463 1475 1492 1502 1500 1497 1495 1492 1481 1466 1434 1416 1400 1385 1357 1342 1325 1286 1266 1250 1237 1205 1199 1193 1180 1174 1168 1157 1153 1149 1146 1146 1146 1147 1147 1147 1146 1144 1139 1137 1135 1130 1127 1125 1121 1119 1117 1115 1112 1110 1109 1107 1105 1103 1111 1104 1102 1099 1089
1354 1351 1347 1343 1342 1342 1342 1342 1343 1345 1351 1355 1359 1367 1370 1373 1376 1371 1374 1378 1388 1393 1398 1402 1409 1415 1423 1433 1442 1454 1461 1455 1450 1446 1438 1426 1414 1392 1379 1367 1355 1325 1309 1293 1258 1243 1231 1221 1205 1190 1184 1174 1169 1164 1156 1153 1151 1151 1154 1156 1158 1160 1160 1159 1157 1152 1150 1147 1142 1140 1138 1135 1132 1131 1129 1127 1126 1124 1121 1118 1114 1111 1118 1116 1112 1102
1358 1353 1348 1343 1342 1340 1339 1337 1337 1338 1341 1344 1347 1351 1359 1362 1365 1371 1362 1364 1369 1373 1377 1380 1388 1392 1396 1400 1405 1412 1415 1409 1405 1400 1389 1378 1368 1361 1346 1335 1323 1295 1280 1264 1236 1225 1216 1208 1196 1190 1177 1170 1166 1163 1160 1156 1157 1158 1164 1167 1170 1173 1173 1172 1171 1166 1163 1161 1156 1153 1151 1150 1147 1146 1145 1143 1142 1140 1138 1131 1128 1123 1133 1131 1127 1117
1361 1356 1351 1345 1343 1341 1339 1335 1334 1333 1333 1335 1337 1340 1347 1351 1354 1360 1362 1352 1354 1358 1361 1363 1368 1369 1370 1371 1371 1372 1373 1371 1367 1363 1351 1342 1333 1326 1316 1306 1293 1268 1255 1242 1231 1212 1205 1199 1187 1182 1177 1168 1166 1164 1163 1163 1164 1167 1173 1177 1181 1184 1185 1184 1183 1178 1175 1173 1169 1167 1165 1164 1162 1160 1159 1157 1156 1154 1150 1145 1141 1137 1133 1142 1138 1134
1365 1359 1355 1352 1345 1343 1341 1336 1333 1330 1328 1328 1329 1331 1337 1340 1343 1349 1351 1352 1343 1347 1349 1351 1352 1352 1350 1350 1344 1342 1344 1345 1340 1333 1323 1316 1307 1299 1291 1281 1269 1247 1237 1227 1218 1203 1197 1191 1181 1177 1173 1168 1169 1169 1170 1172 1173 1176 1183 1187 1190 1193 1195 1195 1194 1189 1187 1184 1182 1180 1179 1178 1175 1173 1172 1168 1166 1164 1162 1158 1154 1150 1145 1142 1148 1144
1370 1365 1361 1358 1350 1347 1344 1337 1334 1330 1326 1323 1323 1324 1327 1330 1332 1337 1339 1341 1343 1334 1336 1337 1337 1336 1334 1334 1326 1324 1326 1324 1318 1311 1305 1296 1287 1279 1270 1262 1252 1233 1225 1217 1209 1196 1191 1186 1178 1175 1173 1171 1169 1178 1179 1183 1185 1187 1193 1197 1199 1201 1205 1206 1205 1202 1199 1197 1195 1194 1193 1192 1189 1186 1184 1180 1175 1174 1172 1170 1167 1162 1156 1152 1148 1157
1377 1374 1371 1366 1357 1353 1349 1342 1337 1332 1327 1321 1320 1320 1321 1322 1323 1324 1327 1329 1330 1320 1320 1321 1320 1319 1318 1318 1312 1310 1309 1301 1297 1292 1288 1280 1273 1267 1253 1246 1238 1230 1216 1209 1203 1192 1188 1184 1179 1178 1176 1176 1177 1178 1192 1197 1199 1202 1204 1208 1210 1212 1216 1217 1217 1215 1213 1211 1210 1210 1208 1207 1203 1200 1195 1191 1186 1184 1183 1182 1179 1174 1171 1164 1160 1157
1393 1384 1381 1377 1367 1363 1359 1351 1346 1339 1332 1325 1323 1321 1318 1317 1316 1316 1316 1317 1318 1320 1306 1306 1305 1303 1302 1301 1296 1293 1291 1284 1280 1277 1275 1267 1261 1255 1241 1234 1228 1221 1209 1204 1198 1190 1188 1186 1184 1183 1183 1184 1187 1189 1192 1213 1216 1219 1221 1224 1225 1226 1230 1232 1231 1230 1228 1227 1227 1226 1225 1223 1218 1213 1208 1204 1199 1197 1196 1194 1191 1187 1184 1180 1177 1173
1405 1397 1394 1390 1380 1376 1371 1367 1358 1350 1343 1334 1331 1328 1323 1319 1316 1312 1309 1307 1307 1307 1306 1294 1293 1291 1289 1287 1281 1279 1277 1274 1267 1264 1261 1253 1248 1243 1231 1226 1220 1214 1204 1200 1196 1191 1190 1190 1190 1191 1192 1194 1199 1202 1205 1213 1235 1238 1240 1243 1244 1244 1245 1247 1246 1245 1245 1246 1246 1245 1244 1241 1238 1229 1224 1218 1211 1210 1210 1209 1207 1204 1202 1200 1198 1194
1419 1411 1408 1404 1393 1388 1383 1379 1371 1364 1356 1347 1342 1338 1335 1326 1321 1315 1307 1303 1300 1297 1295 1294 1286 1283 1280 1277 1272 1269 1266 1262 1255 1252 1249 1242 1238 1233 1229 1219 1214 1210 1202 1198 1196 1194 1194 1195 1197 1200 1203 1206 1212 1216 1221 1225 1235 1258 1262 1265 1265 1263 1262 1262 1262 1263 1268 1270 1271 1272 1270 1266 1260 1248 1242 1234 1224 1223 1224 1227 1226 1224 1222 1219 1218 1216
1435 1426 1423 1419 1408 1402 1396 1392 1383 1377 1371 1360 1355 1349 1344 1333 1329 1324 1311 1305 1300 1296 1291 1288 1286 1280 1276 1272 1266 1262 1257 1253 1246 1243 1241 1234 1230 1226 1222 1215 1211 1207 1201 1199 1197 1199 1200 1202 1205 1211 1214 1218 1227 1231 1237 1242 1254 1279 1283 1286 1285 1281 1280 1279 1279 1282 1293 1297 1300 1302 1300 1294 1287 1271 1263 1254 1243 1240 1239 1242 1243 1243 1243 1239 1239 1240
1454 1446 1442 1438 1433 1418 1412 1408 1397 1391 1385 1374 1368 1361 1354 1343 1338 1333 1318 1311 1306 1301 1294 1290 1287 1280 1278 1273 1268 1259 1254 1249 1240 1238 1236 1228 1224 1221 1218 1212 1209 1206 1202 1201 1201 1202 1208 1211 1214 1221 1226 1231 1242 1247 1253 1260 1273 1279 1303 1306 1303 1300 1300 1297 1298 1304 1319 1325 1328 1329 1325 1319 1312 1296 1287 1279 1266 1260 1257 1257 1262 1264 1265 1266 1267 1270
1474 1468 1465 1461 1455 1436 1429 1423 1411 1405 1399 1394 1380 1373 1366 1354 1347 1341 1328 1320 1314 1310 1302 1298 1293 1283 1278 1278 1272 1261 1255 1250 1240 1237 1234 1230 1222 1219 1216 1210 1208 1207 1206 1206 1207 1209 1216 1220 1225 1233 1238 1244 1252 1264 1271 1278 1292 1298 1303 1324 1321 1319 1320 1317 1319 1327 1344 1350 1352 1353 1346 1341 1334 1319 1310 1303 1296 1282 1280 1280 1289 1292 1294 1301 1306 1310
1495 1488 1485 1481 1475 1455 1446 1439 1426 1420 1414 1408 1394 1387 1380 1366 1359 1352 1346 1331 1326 1321 1312 1307 1302 1291 1284 1278 1281 1269 1262 1256 1245 1240 1236 1231 1223 1219 1216 1211 1210 1210 1213 1214 1216 1218 1225 1230 1236 1247 1252 1259 1267 1282 1289 1297 1311 1317 1321 1324 1338 1338 1339 1339 1343 1351 1367 1371 1374 1374 1368 1362 1356 1341 1333 1325 1318 1307 1307 1308 1319 1324 1329 1334 1350 1356
1515 1510 1502 1496 1490 1473 1464 1456 1441 1435 1428 1422 1409 1401 1394 1380 1373 1366 1359 1344 1339 1334 1324 1319 1314 1308 1295 1288 1281 1281 1274 1267 1255 1248 1241 1234 1224 1221 1218 1215 1214 1215 1218 1223 1226 1229 1236 1241 1247 1260 1268 1275 1283 1299 1307 1315 1329 1335 1339 1340 1338 1359 1361 1364 1368 1374 1381 1392 1395 1395 1390 1385 1380 1366 1358 1350 1344 1338 1339 1342 1355 1362 1368 1374 1388 1394
1534 1529 1517 1510 1503 1486 1478 1471 1463 1449 1442 1436 1424 1417 1409 1395 1387 1380 1372 1357 1352 1347 1336 1331 1327 1322 1309 1302 1295 1281 1290 1285 1279 1258 1247 1237 1227 1223 1221 1220 1221 1222 1225 1233 1237 1241 1250 1255 1260 1267 1283 1291 1300 1317 1325 1334 1348 1353 1357 1357 1355 1359 1385 1387 1390 1395 1401 1414 1417 1417 1414 1411 1407 1401 1387 1382 1378 1375 1377 1381 1394 1401 1406 1409 1416 1420
1554 1547 1534 1526 1519 1502 1495 1488 1480 1465 1458 1451 1439 1432 1425 1418 1403 1395 1386 1371 1366 1360 1349 1344 1340 1336 1325 1318 1311 1296 1290 1302 1294 1268 1253 1241 1230 1227 1226 1226 1228 1231 1234 1244 1249 1255 1265 1271 1277 1284 1298 1307 1316 1335 1344 1353 1361 1373 1376 1376 1378 1381 1385 1408 1411 1415 1421 1435 1439 1440 1439 1437 1434 1431 1422 1419 1417 1413 1414 1417 1421 1432 1435 1437 1441 1444
1571 1566 1553 1546 1540 1524 1516 1509 1500 1484 1475 1467 1455 1448 1441 1434 1419 1410 1402 1387 1380 1374 1367 1359 1355 1352 1342 1336 1329 1315 1309 1302 1303 1276 1262 1249 1235 1232 1231 1232 1236 1239 1243 1257 1264 1273 1289 1295 1301 1306 1318 1326 1335 1354 1364 1374 1382 1394 1398 1401 1404 1405 1407 1409 1431 1436 1443 1455 1459 1462 1463 1462 1461 1460 1455 1454 1452 1447 1447 1449 1452 1459 1461 1462 1464 1466
1590 1585 1574 1568 1562 1555 1538 1530 1522 1506 1496 1487 1472 1464 1457 1450 1436 1427 1419 1405 1398 1391 1384 1375 1371 1367 1359 1353 1346 1338 1323 1313 1310 1287 1273 1260 1243 1239 1237 1238 1245 1249 1256 1275 1285 1297 1312 1328 1330 1333 1342 1349 1357 1378 1389 1398 1406 1418 1422 1427 1431 1430 1431 1432 1431 1455 1464 1476 1479 1483 1485 1486 1485 1485 1484 1482 1480 1478 1478 1480 1482 1487 1487 1487 1487 1488
1590 1606 1595 1589 1583 1575 1560 1551 1543 1527 1517 1507 1498 1482 1475 1469 1455 1447 1440 1427 1419 1411 1403 1391 1386 1382 1373 1368 1360 1352 1332 1321 1310 1297 1285 1272 1262 1249 1246 1247 1254 1262 1271 1298 1311 1325 1341 1361 1361 1363 1371 1376 1382 1392 1414 1423 1431 1443 1448 1453 1457 1456 1456 1455 1450 1455 1485 1497 1501 1503 1504 1506 1507 1508 1508 1508 1508 1508 1509 1511 1512 1515 1515 1514 1510 1510
1609 1606 1616 1610 1603 1596 1580 1571 1562 1545 1536 1527 1518 1502 1496 1489 1476 1469 1462 1456 1441 1432 1422 1407 1401 1395 1386 1380 1373 1365 1343 1330 1319 1297 1296 1284 1275 1261 1258 1259 1268 1277 1289 1323 1342 1357 1369 1388 1392 1394 1400 1404 1410 1419 1438 1448 1456 1467 1473 1479 1484 1483 1481 1478 1471 1476 1485 1518 1521 1522 1522 1524 1527 1529 1531 1534 1536 1538 1540 1542 1543 1544 1544 1541 1538 1533
1629 1625 1621 1631 1624 1616 1599 1590 1581 1565 1557 1549 1540 1525 1518 1511 1499 1493 1487 1480 1464 1456 1446 1428 1420 1413 1406 1392 1385 1378 1355 1342 1331 1309 1296 1296 1286 1275 1273 1273 1282 1293 1309 1328 1373 1390 1399 1416 1421 1424 1430 1434 1440 1447 1466 1475 1482 1493 1500 1509 1514 1506 1500 1498 1493 1498 1506 1512 1541 1540 1539 1543 1546 1549 1555 1560 1565 1568 1571 1572 1572 1571 1570 1566 1563 1558
1647 1644 1641 1631 1645 1637 1619 1610 1602 1594 1580 1573 1566 1553 1545 1538 1526 1520 1515 1507 1492 1485 1478 1457 1446 1436 1425 1406 1400 1393 1369 1355 1345 1336 1309 1296 1299 1287 1283 1283 1297 1312 1332 1354 1401 1417 1427 1442 1448 1452 1455 1464 1470 1477 1496 1505 1513 1524 1529 1534 1536 1526 1520 1518 1516 1522 1528 1534 1541 1560 1560 1564 1569 1573 1577 1588 1592 1596 1600 1600 1599 1596 1594 1590 1587 1582
1665 1664 1661 1651 1645 1657 1639 1631 1623 1616 1604 1599 1593 1581 1574 1567 1561 1549 1543 1536 1525 1520 1514 1491 1478 1464 1448 1423 1415 1408 1387 1373 1363 1354 1324 1309 1299 1297 1290 1291 1314 1335 1356 1379 1424 1438 1449 1466 1471 1477 1481 1492 1498 1506 1526 1537 1546 1552 1555 1552 1548 1551 1549 1542 1541 1547 1553 1558 1563 1586 1588 1594 1597 1602 1607 1616 1619 1622 1625 1624 1622 1620 1615 1612 1609 1604
1686 1686 1684 1673 1665 1657 1660 1651 1643 1637 1628 1624 1619 1608 1603 1597 1591 1578 1573 1568 1559 1556 1551 1542 1515 1499 1478 1440 1427 1419 1404 1393 1383 1371 1340 1326 1314 1297 1303 1304 1315 1355 1378 1400 1442 1457 1469 1487 1494 1499 1505 1518 1525 1534 1556 1568 1578 1585 1583 1577 1568 1572 1572 1565 1561 1570 1578 1586 1588 1586 1622 1628 1631 1634 1638 1643 1644 1645 1646 1645 1642 1639 1634 1631 1628 1624
1707 1708 1707 1696 1689 1681 1671 1674 1667 1660 1650 1647 1643 1633 1628 1623 1618 1605 1601 1597 1590 1587 1584 1577 1551 1533 1511 1464 1445 1432 1424 1407 1397 1384 1356 1343 1330 1310 1303 1322 1332 1371 1393 1415 1458 1474 1487 1499 1516 1522 1529 1544 1553 1562 1584 1595 1604 1612 1609 1603 1594 1582 1583 1583 1583 1594 1604 1615 1617 1618 1622 1659 1663 1665 1665 1667 1667 1667 1666 1663 1659 1656 1651 1649 1647 1643
1731 1731 1729 1722 1717 1708 1697 1674 1690 1681 1668 1664 1660 1657 1646 1642 1636 1628 1626 1623 1616 1613 1609 1605 1581 1563 1541 1494 1469 1450 1436 1415 1406 1395 1370 1357 1345 1325 1320 1322 1348 1384 1404 1426 1469 1487 1502 1514 1535 1544 1552 1568 1578 1589 1600 1618 1625 1632 1629 1622 1614 1596 1595 1597 1602 1620 1630 1642 1650 1652 1656 1659 1692 1691 1690 1689 1688 1687 1686 1681 1677 1673 1667 1665 1663 1661
1761 1757 1755 1752 1747 1738 1724 1697 1690 1700 1681 1677 1674 1672 1662 1656 1647 1644 1644 1641 1638 1633 1630 1624 1604 1587 1565 1517 1491 1467 1449 1424 1414 1404 1382 1370 1359 1349 1337 1339 1348 1396 1414 1434 1479 1497 1513 1528 1553 1563 1572 1589 1601 1612 1623 1639 1644 1648 1645 1639 1632 1625 1615 1616 1626 1646 1654 1665 1680 1683 1687 1690 1692 1715 1713 1709 1707 1706 1705 1698 1694 1690 1682 1679 1678 1675
1790 1787 1785 1785 1778 1768 1752 1722 1712 1724 1700 1697 1694 1689 1676 1666 1655 1651 1651 1650 1650 1648 1644 1637 1617 1601 1580 1558 1508 1483 1463 1434 1423 1413 1394 1384 1373 1364 1353 1355 1364 1396 1425 1443 1463 1505 1523 1542 1571 1582 1591 1611 1623 1633 1643 1659 1663 1664 1661 1656 1651 1646 1639 1645 1657 1668 1673 1683 1693 1707 1713 1716 1717 1715 1734 1730 1728 1726 1723 1714 1711 1707 1696 1692 1690 1688
1817 1815 1813 1813 1809 1799 1783 1753 1740 1724 1734 1725 1721 1714 1693 1677 1664 1658 1659 1659 1659 1655 1650 1642 1625 1610 1592 1574 1524 1497 1475 1444 1432 1423 1406 1397 1388 1381 1371 1372 1380 1408 1425 1454 1469 1509 1532 1553 1583 1596 1608 1618 1642 1653 1663 1679 1682 1681 1679 1675 1670 1666 1661 1673 1685 1688 1691 1700 1710 1725 1731 1736 1739 1737 1734 1755 1751 1747 1743 1733 1728 1723 1712 1707 1703 1700
1842 1841 1839 1839 1836 1829 1815 1785 1771 1752 1734 1757 1753 1745 1716 1696 1680 1675 1675 1677 1675 1662 1653 1642 1630 1615 1597 1584 1539 1512 1491 1458 1445 1436 1429 1412 1403 1397 1390 1391 1398 1425 1440 1454 1480 1514 1537 1557 1589 1604 1617 1629 1655 1668 1679 1698 1701 1701 1700 1694 1690 1685 1679 1690 1700 1709 1712 1719 1728 1743 1751 1756 1761 1760 1758 1755 1776 1771 1765 1752 1746 1739 1728 1723 1717 1712
1865 1864 1863 1862 1859 1854 1844 1817 1802 1784 1767 1757 1788 1779 1745 1725 1711 1707 1701 1699 1696 1674 1660 1645 1633 1611 1594 1584 1550 1527 1509 1474 1461 1451 1442 1427 1418 1412 1409 1411 1418 1429 1456 1468 1492 1520 1538 1557 1591 1607 1622 1635 1665 1680 1693 1715 1720 1722 1721 1717 1713 1707 1698 1704 1710 1718 1734 1741 1750 1766 1774 1780 1786 1785 1784 1781 1776 1798 1790 1772 1765 1757 1750 1737 1730 1724
1886 1885 1883 1883 1880 1876 1870 1862 1838 1822 1808 1794 1788 1810 1776 1758 1748 1745 1733 1724 1715 1687 1671 1651 1631 1604 1590 1582 1555 1537 1519 1487 1476 1467 1458 1443 1436 1430 1428 1430 1437 1447 1470 1481 1492 1524 1539 1556 1573 1609 1626 1641 1674 1691 1707 1731 1740 1744 1745 1744 1741 1736 1727 1728 1733 1741 1759 1768 1776 1791 1799 1806 1811 1813 1811 1809 1804 1798 1816 1793 1783 1774 1765 1750 1742 1734
1902 1902 1901 1901 1899 1896 1891 1886 1870 1857 1846 1831 1821 1810 1821 1788 1777 1771 1757 1746 1731 1697 1678 1656 1633 1601 1588 1581 1558 1540 1524 1511 1493 1487 1477 1457 1451 1447 1445 1448 1455 1464 1484 1494 1503 1524 1546 1561 1577 1613 1632 1649 1685 1703 1719 1734 1758 1764 1767 1767 1767 1765 1761 1761 1766 1775 1788 1795 1802 1817 1825 1832 1836 1839 1837 1836 1833 1827 1816 1813 1801 1789 1777 1761 1754 1746
1911 1914 1914 1914 1913 1911 1908 1903 1891 1883 1874 1858 1847 1835 1821 1805 1792 1781 1764 1754 1739 1722 1680 1657 1635 1604 1593 1585 1559 1544 1531 1521 1507 1501 1491 1468 1463 1459 1458 1465 1472 1481 1499 1508 1516 1532 1546 1573 1589 1621 1638 1656 1695 1714 1731 1747 1775 1782 1785 1788 1788 1789 1791 1794 1798 1805 1815 1821 1828 1842 1849 1855 1859 1861 1860 1859 1856 1849 1838 1825 1818 1804 1791 1772 1765 1758
1912 1917 1918 1918 1919 1918 1916 1913 1901 1895 1888 1873 1863 1851 1837 1805 1796 1782 1760 1751 1737 1720 1677 1654 1635 1613 1602 1590 1577 1550 1540 1531 1517 1510 1499 1477 1470 1468 1469 1480 1489 1497 1515 1523 1531 1538 1559 1573 1606 1633 1647 1664 1705 1725 1744 1762 1790 1799 1805 1809 1809 1811 1815 1823 1826 1831 1839 1844 1851 1858 1870 1874 1877 1878 1878 1876 1872 1865 1855 1843 1835 1821 1807 1785 1778 1771
