grani_alti.asc
ncols       801
nrows       801
xllcorner   268968
yllcorner   5401414
cellsize    30
NODATA_value  -1
[rows 190 to 227 of 801, columns 516 to 601 of 801]
811 815 818 818 818 817 813 807 808 808 803 802 802 802 806 805 801 801 802 806 815 815 813 811 808 808 808 808 811 815 816 806 804 804 798 796 796 796 796 800 803 803 801 802 805 803 804 806 809 813 817 820 831 833 832 827 826 826 826 826 826 825 822 818 812 805 803 803 804 800 800 802 803 802 800 797 792 793 796 799 798 801 806 810 810 808
811 816 819 819 818 816 814 807 808 808 804 802 801 801 804 804 802 800 801 806 812 814 811 808 806 806 806 807 811 815 816 808 807 804 797 792 790 792 794 798 801 805 805 804 806 805 804 806 810 814 816 819 828 830 830 827 826 827 827 827 827 826 822 820 815 809 802 801 804 801 800 801 803 802 799 797 792 792 794 798 799 802 806 811 811 809
812 818 821 819 818 816 814 807 807 808 805 803 801 801 802 803 802 800 801 806 812 811 808 805 804 805 805 806 811 815 817 814 813 807 800 783 783 788 792 794 798 805 806 807 808 807 805 806 811 813 816 818 825 828 828 826 827 828 827 827 827 826 823 820 816 812 805 803 806 805 801 800 802 802 799 798 794 793 794 799 801 803 806 811 811 810
814 820 821 820 817 816 814 807 807 808 807 804 802 801 802 803 802 801 802 805 810 807 804 803 803 804 805 806 811 815 813 819 817 812 800 773 778 785 791 792 795 799 805 807 808 807 805 806 810 813 815 817 824 826 826 826 827 828 827 827 826 825 823 821 816 814 810 806 807 807 803 800 801 802 800 799 797 794 794 797 801 803 806 811 811 810
819 821 820 819 817 816 815 808 807 808 808 805 803 801 801 802 801 801 802 803 805 803 801 800 802 803 805 807 809 810 813 818 819 817 804 769 775 783 788 789 792 795 803 805 806 807 806 806 809 812 814 816 824 824 823 824 827 828 827 826 825 824 824 822 816 814 812 809 807 805 802 800 801 803 802 800 798 797 797 798 801 802 805 810 810 809
822 821 820 819 817 816 815 810 808 808 809 806 805 803 800 801 801 801 800 800 800 799 798 798 799 802 804 806 806 805 807 813 816 817 810 774 774 781 786 787 789 791 800 804 805 808 808 807 808 811 813 816 826 824 822 824 827 827 827 825 824 823 822 822 817 814 812 807 804 800 800 801 802 805 804 802 799 799 799 800 802 803 806 809 809 809
819 820 819 818 817 816 815 810 807 807 809 806 805 804 801 800 801 800 796 795 796 799 799 799 801 803 804 805 804 804 804 807 816 813 815 787 779 782 785 787 787 788 798 802 804 810 811 807 808 811 813 817 828 827 824 823 827 826 826 824 823 821 822 822 817 814 811 807 801 800 800 802 804 806 806 804 801 799 799 801 802 804 806 808 809 808
817 817 817 817 817 816 815 813 807 807 808 807 806 805 804 800 799 798 791 792 796 801 801 803 804 805 806 805 804 803 802 803 811 813 813 799 786 783 785 787 787 787 797 802 804 806 812 809 810 812 815 820 828 828 823 821 827 826 825 823 822 822 822 822 816 813 806 802 801 800 802 804 806 807 807 805 801 798 799 801 802 804 805 807 809 808
816 816 815 816 817 816 815 812 806 806 807 807 807 806 804 798 796 796 789 790 796 803 803 804 805 806 805 803 802 802 801 803 806 808 813 805 792 785 785 787 787 788 798 803 804 806 812 812 812 816 820 824 827 827 822 818 826 826 824 823 823 824 824 822 818 813 802 798 799 800 804 806 807 807 807 805 801 797 799 800 803 805 807 809 810 808
816 815 815 815 817 816 815 812 805 805 806 806 806 805 803 796 795 796 790 789 796 804 805 804 806 803 801 798 794 799 798 801 804 804 807 805 796 787 785 787 787 788 800 804 803 805 812 812 812 820 825 827 828 826 821 816 825 826 825 824 825 825 825 824 821 814 808 797 799 800 804 806 807 807 806 804 801 797 799 800 806 810 812 812 810 809
815 815 815 815 817 816 815 813 806 804 805 805 804 803 802 796 794 795 793 793 797 803 806 805 806 798 793 792 789 792 793 796 804 803 803 805 796 789 785 786 787 788 792 803 803 805 811 811 811 822 826 829 830 825 821 815 824 828 827 826 826 826 826 824 822 815 808 797 799 802 805 806 806 807 805 804 802 798 800 801 806 810 812 813 811 810
814 815 815 815 817 816 814 813 806 804 803 803 803 802 800 795 794 795 797 798 799 803 808 807 806 794 786 786 787 783 786 792 804 804 803 801 796 789 786 786 787 788 792 801 802 804 810 810 811 816 826 829 830 825 820 815 821 827 829 828 828 828 827 825 823 815 807 798 801 803 805 806 806 805 805 804 803 799 800 802 803 805 806 808 811 811
814 814 814 815 816 816 814 813 806 803 802 802 801 800 798 794 794 795 796 799 802 805 809 808 806 803 785 784 784 776 780 790 803 803 802 798 795 792 786 786 787 788 792 800 800 802 808 809 811 814 825 829 830 824 819 814 814 826 830 830 827 827 826 826 824 815 805 799 801 803 805 805 804 805 805 805 804 799 800 802 803 802 802 804 811 811
813 814 813 814 816 815 814 813 807 804 802 801 798 796 793 794 795 795 794 795 802 807 809 808 805 802 791 785 782 772 777 787 795 801 800 796 795 793 787 786 786 787 792 799 800 801 806 807 808 810 822 828 830 823 816 813 815 826 831 831 826 825 823 823 824 815 805 799 800 802 804 804 803 803 805 805 804 799 799 801 802 802 803 803 810 811
813 813 813 814 815 815 814 812 810 806 804 803 795 790 787 793 796 796 794 790 799 806 809 806 801 797 794 790 783 771 776 784 792 799 799 796 795 794 788 785 786 787 792 800 801 801 803 806 808 809 819 826 829 820 814 812 815 828 831 830 825 823 820 820 823 814 806 799 799 802 803 804 803 802 806 805 803 800 797 799 801 803 804 805 809 810
812 813 813 812 813 815 814 811 808 806 805 803 793 786 784 787 796 796 794 785 793 803 807 805 798 792 793 793 786 768 772 783 792 799 798 797 796 795 790 786 785 787 793 800 801 801 803 806 809 810 815 823 828 825 813 812 815 828 830 828 824 822 819 818 822 814 807 800 800 801 802 803 803 803 807 806 803 799 795 797 799 804 806 805 805 808
812 812 812 812 811 814 813 811 808 805 804 802 792 785 784 787 794 795 793 780 786 796 801 801 797 790 791 793 790 776 765 781 793 799 798 798 796 795 791 787 784 787 793 800 801 800 802 806 809 810 811 818 824 823 813 812 814 827 829 827 826 822 820 818 823 818 809 802 801 802 802 803 804 804 807 807 803 799 793 794 797 804 805 804 803 806
812 812 812 812 811 813 813 810 808 805 804 802 791 785 784 786 793 794 792 773 772 784 791 795 794 790 789 794 792 777 760 777 791 799 797 795 794 792 791 789 784 788 793 800 798 798 800 806 809 810 810 814 820 820 812 812 815 827 828 827 826 822 820 819 823 821 812 805 802 803 804 805 806 806 805 806 804 800 793 791 794 801 802 802 803 806
812 812 812 811 811 811 812 809 806 805 804 802 796 784 785 786 793 794 792 765 759 768 778 790 792 790 790 795 793 779 758 769 787 798 794 789 788 789 790 789 785 788 792 794 798 798 800 808 810 810 810 813 818 818 813 813 817 828 828 827 826 822 820 818 821 821 813 806 802 803 807 808 807 807 806 803 802 799 791 791 792 796 802 804 806 808
811 812 812 811 810 810 810 807 804 803 804 800 794 783 785 786 792 795 792 779 753 754 762 787 791 792 795 796 791 782 757 764 784 798 793 787 785 788 788 787 787 790 792 794 798 798 803 810 812 811 811 813 818 818 813 814 817 824 828 827 827 823 820 818 818 820 815 809 804 804 809 810 807 806 805 803 801 797 789 790 792 796 803 806 808 809
811 812 812 810 810 810 810 807 805 802 802 800 794 784 786 787 790 794 792 779 752 748 750 782 794 799 801 789 782 780 757 762 783 799 795 789 787 786 786 785 790 793 795 797 801 801 803 810 812 812 811 814 818 818 814 815 817 821 828 828 827 824 820 818 816 818 815 810 805 805 809 810 809 806 804 803 801 796 790 791 792 796 803 806 808 810
811 812 812 809 809 811 811 809 807 803 802 799 794 788 788 787 788 793 792 779 753 749 749 780 794 800 798 770 766 772 757 762 783 797 797 794 791 786 783 782 784 795 798 800 803 803 804 810 811 812 812 816 820 820 815 816 817 820 828 828 827 825 821 818 816 816 816 811 806 806 808 810 808 805 803 802 800 798 794 793 795 798 803 806 808 810
811 812 812 810 811 812 812 810 808 807 803 800 795 788 789 787 786 792 791 779 754 750 753 780 789 793 784 753 755 764 758 761 778 794 799 797 794 788 784 781 782 794 799 801 804 803 804 807 811 813 813 817 820 822 819 819 819 820 827 828 827 825 822 818 816 816 818 813 806 805 807 808 807 803 801 801 800 799 797 793 795 798 803 806 809 810
810 812 813 813 814 814 813 811 810 808 804 801 796 790 789 788 786 791 791 780 756 751 754 768 783 784 775 749 751 757 758 757 770 787 800 800 799 793 788 784 785 795 800 803 806 805 806 808 812 813 815 817 819 822 824 825 824 824 828 828 826 823 820 818 815 817 820 815 806 804 805 807 804 801 801 802 800 798 796 792 794 797 801 805 809 809
809 812 814 815 815 814 813 812 810 809 806 803 799 791 789 788 790 791 791 782 758 753 752 761 781 782 778 751 747 752 758 755 762 778 797 800 801 797 791 787 787 797 801 804 809 809 809 809 814 815 815 817 818 820 824 829 828 828 832 831 828 826 821 819 818 821 822 816 811 806 805 805 803 801 802 803 799 797 795 792 793 795 800 804 808 809
809 812 814 813 813 812 812 811 811 810 808 806 801 790 789 791 790 793 791 782 759 754 750 756 781 782 779 752 745 748 755 754 758 771 792 798 800 799 791 786 786 796 800 803 810 811 809 810 816 817 817 817 818 819 820 826 827 829 833 832 831 829 825 824 823 824 822 816 812 807 806 805 803 803 805 805 798 797 795 792 793 794 801 804 806 807
808 810 812 811 811 811 811 811 811 811 810 808 804 798 791 796 797 793 794 787 763 756 751 756 780 780 778 751 743 746 751 753 757 768 789 796 799 798 789 784 785 794 798 801 804 810 809 809 816 818 819 819 818 818 819 823 826 829 831 831 831 832 829 827 826 825 821 815 811 805 804 805 806 806 806 804 798 797 795 792 792 794 798 803 805 806
806 808 809 810 810 810 810 810 810 811 811 809 806 801 793 799 800 796 794 794 785 759 754 758 780 778 777 767 740 741 745 751 755 765 788 796 798 798 789 785 786 793 796 799 802 808 809 810 814 817 819 820 818 818 819 824 827 829 830 829 829 830 829 828 826 824 820 815 810 803 802 804 809 807 805 802 797 796 794 792 793 795 797 801 802 804
806 807 808 809 809 809 809 809 809 810 812 811 808 804 797 800 800 797 797 794 788 763 759 762 780 779 777 767 737 737 741 750 755 764 775 796 798 796 790 788 790 793 795 796 798 804 807 811 816 817 819 820 818 818 819 825 827 828 826 827 827 827 828 828 826 824 821 818 811 804 802 803 809 806 802 799 798 798 797 794 797 797 796 798 800 802
807 808 808 809 809 809 809 809 808 810 812 811 809 805 802 803 800 796 796 795 788 771 769 770 779 781 779 767 735 736 741 752 757 765 775 796 798 796 792 794 795 795 793 793 794 798 803 809 819 820 820 821 817 817 819 825 826 823 820 824 826 826 827 828 826 824 823 819 812 804 803 803 806 804 800 799 802 804 802 799 800 799 797 797 799 801
809 809 809 809 809 810 810 810 809 809 811 812 809 806 805 804 800 797 793 792 789 771 779 781 782 781 779 768 738 738 743 756 760 766 775 795 799 797 795 798 799 798 792 791 791 795 800 805 812 823 825 824 817 816 818 822 826 817 815 820 823 825 828 828 827 824 824 820 812 805 803 802 803 803 802 803 806 807 805 801 801 800 799 797 799 801
812 812 812 811 811 811 811 812 811 810 811 812 811 808 806 804 799 794 792 791 792 780 779 785 785 780 777 770 746 743 749 760 763 770 776 794 799 797 798 800 801 800 793 792 792 795 799 803 808 824 828 826 817 818 820 822 820 817 812 816 818 822 827 829 827 825 823 820 812 806 804 802 801 803 806 808 806 806 804 800 800 799 799 798 799 801
818 817 816 815 813 813 813 814 814 813 813 812 810 808 806 804 797 792 791 792 794 785 784 785 783 781 777 772 759 755 760 764 769 775 780 793 797 795 793 800 802 802 795 793 792 796 798 801 806 822 827 824 817 818 821 821 815 813 812 814 815 818 824 829 827 826 822 818 811 808 805 802 800 802 805 807 804 804 803 802 800 799 799 799 799 799
824 823 822 820 817 816 815 815 815 815 814 810 808 806 806 804 798 794 792 793 793 788 784 783 783 781 779 776 770 769 772 772 773 779 784 792 793 790 786 796 802 803 801 797 795 797 801 804 806 819 822 820 815 817 819 819 812 811 811 814 815 816 820 828 828 827 821 817 812 809 806 803 801 802 802 803 803 801 801 802 802 802 802 801 798 796
831 831 828 826 822 820 818 817 815 815 813 809 806 804 803 804 800 796 793 792 792 792 784 781 781 781 782 783 778 779 779 776 774 780 784 789 789 787 783 794 800 802 804 802 800 800 806 808 808 814 817 817 815 816 817 818 812 810 811 814 815 816 818 826 827 826 820 817 814 810 806 803 801 804 802 803 805 801 799 800 804 804 803 801 795 795
837 838 835 833 827 824 822 820 816 815 813 809 807 804 802 801 800 797 793 792 791 791 784 781 781 781 782 791 791 784 783 779 774 778 782 788 788 785 784 795 798 798 800 800 799 799 805 805 806 812 816 818 815 815 816 818 812 811 812 815 816 816 820 823 822 822 822 817 813 809 804 801 802 805 803 803 805 803 800 799 804 805 802 800 796 796
842 843 841 839 836 829 825 823 818 816 814 809 807 805 802 799 798 798 794 792 791 790 783 780 780 782 785 791 799 791 788 782 773 777 782 784 788 785 784 796 798 797 797 797 797 798 802 801 802 813 818 819 817 815 816 818 814 813 815 816 817 818 820 818 817 818 820 817 811 808 803 801 802 804 803 804 805 804 800 798 804 804 801 799 800 801
844 847 846 844 841 834 830 826 821 819 817 814 809 807 804 800 798 797 793 792 790 788 778 776 778 783 791 798 799 795 791 785 776 778 781 783 786 785 785 795 797 798 799 800 799 800 801 800 804 809 817 819 818 815 816 819 818 817 817 817 817 818 821 818 817 817 818 817 812 808 802 801 801 803 804 806 807 804 802 800 803 802 799 797 802 803
