grani_alti.asc
ncols       801
nrows       801
xllcorner   268968
yllcorner   5401414
cellsize    30
NODATA_value  -1
[rows 532 to 569 of 801, columns 688 to 773 of 801]
1604 1594 1583 1561 1549 1533 1517 1494 1482 1473 1454 1445 1437 1428 1412 1405 1397 1382 1374 1387 1366 1353 1341 1330 1309 1302 1297 1292 1289 1286 1284 1283 1283 1284 1286 1287 1288 1289 1290 1290 1290 1288 1286 1284 1279 1275 1271 1266 1255 1249 1242 1228 1221 1214 1208 1181 1174 1166 1153 1148 1142 1137 1126 1121 1113 1099 1091 1084 1071 1065 1060 1054 1039 1030 1021 1001 992 983 975 964 959 955 947 943 939 935
1608 1597 1588 1569 1559 1547 1531 1507 1496 1486 1470 1462 1454 1445 1430 1423 1415 1402 1395 1387 1394 1369 1357 1344 1323 1313 1305 1296 1293 1288 1284 1277 1275 1273 1271 1271 1271 1271 1272 1272 1272 1269 1268 1266 1263 1257 1253 1249 1238 1233 1226 1213 1207 1200 1193 1181 1154 1147 1135 1130 1125 1120 1112 1106 1100 1087 1080 1074 1068 1058 1054 1048 1035 1027 1019 1001 992 984 977 967 963 959 950 945 940 936
1618 1608 1600 1582 1572 1561 1549 1525 1515 1505 1488 1480 1471 1463 1447 1440 1432 1418 1412 1403 1394 1379 1368 1358 1338 1328 1319 1305 1301 1296 1291 1280 1274 1269 1262 1259 1258 1257 1256 1256 1255 1252 1249 1247 1244 1238 1234 1229 1219 1213 1207 1202 1190 1183 1176 1162 1154 1132 1121 1116 1112 1107 1099 1095 1089 1077 1072 1066 1061 1051 1047 1042 1030 1023 1016 1008 992 985 979 970 965 961 951 946 941 936
1632 1624 1615 1607 1589 1580 1570 1549 1537 1526 1506 1498 1489 1479 1462 1455 1446 1429 1422 1413 1403 1379 1375 1368 1353 1345 1335 1325 1313 1309 1303 1289 1283 1275 1261 1256 1252 1249 1245 1243 1241 1236 1233 1230 1227 1219 1214 1209 1199 1194 1189 1184 1173 1167 1160 1146 1138 1132 1114 1109 1105 1101 1092 1088 1083 1071 1067 1062 1057 1047 1042 1037 1026 1021 1015 1008 994 987 981 971 966 961 955 945 940 935
1649 1640 1632 1623 1607 1599 1592 1573 1560 1546 1534 1513 1504 1494 1476 1467 1456 1435 1427 1417 1406 1384 1375 1377 1367 1361 1352 1343 1331 1326 1320 1305 1298 1290 1279 1260 1254 1249 1240 1237 1232 1225 1221 1217 1212 1202 1197 1191 1181 1177 1173 1169 1160 1154 1148 1135 1129 1123 1118 1111 1107 1103 1094 1089 1083 1071 1067 1061 1056 1046 1041 1036 1026 1022 1016 1010 997 990 984 971 965 959 953 942 937 933
1663 1654 1646 1638 1624 1616 1609 1594 1579 1565 1551 1527 1516 1507 1487 1476 1464 1452 1428 1417 1406 1389 1383 1377 1384 1379 1371 1363 1351 1346 1341 1325 1318 1309 1296 1271 1261 1254 1241 1235 1229 1224 1213 1208 1202 1192 1186 1180 1170 1167 1163 1160 1152 1148 1143 1133 1128 1123 1119 1111 1116 1112 1103 1097 1090 1083 1072 1067 1061 1051 1046 1040 1030 1026 1020 1014 1001 994 987 971 964 957 950 939 935 930
1682 1664 1656 1649 1635 1627 1620 1606 1594 1580 1565 1537 1527 1518 1494 1481 1468 1456 1428 1417 1408 1396 1392 1389 1386 1400 1392 1383 1371 1367 1361 1345 1336 1326 1314 1288 1274 1264 1248 1240 1232 1225 1211 1204 1198 1188 1183 1178 1173 1165 1161 1158 1153 1150 1147 1138 1134 1130 1127 1120 1116 1127 1118 1111 1103 1095 1083 1077 1071 1060 1054 1048 1043 1032 1027 1021 1006 998 989 971 963 955 948 937 932 927
1686 1668 1660 1653 1639 1631 1625 1619 1599 1585 1571 1545 1535 1526 1499 1486 1471 1456 1430 1421 1414 1406 1405 1405 1405 1400 1411 1402 1389 1384 1378 1371 1353 1342 1330 1305 1292 1280 1260 1251 1241 1232 1215 1208 1201 1191 1186 1182 1178 1170 1167 1164 1160 1158 1156 1153 1146 1143 1140 1136 1132 1127 1137 1131 1122 1113 1097 1090 1083 1070 1064 1058 1052 1041 1035 1028 1010 1000 991 981 961 953 946 934 930 926
1685 1667 1660 1652 1637 1629 1622 1615 1595 1583 1571 1547 1537 1528 1516 1488 1471 1455 1433 1428 1423 1420 1421 1423 1424 1419 1411 1419 1407 1400 1392 1384 1366 1356 1344 1319 1307 1296 1286 1265 1255 1245 1226 1218 1210 1199 1195 1191 1187 1180 1177 1174 1171 1170 1169 1166 1160 1158 1157 1152 1149 1146 1142 1153 1144 1134 1114 1104 1095 1080 1073 1066 1061 1048 1041 1033 1012 1002 991 980 960 952 944 933 929 925
1681 1663 1656 1648 1632 1623 1615 1607 1588 1578 1567 1544 1534 1524 1513 1488 1471 1457 1439 1436 1433 1433 1440 1441 1441 1435 1427 1419 1423 1414 1405 1396 1377 1366 1354 1331 1319 1308 1298 1279 1270 1260 1241 1232 1224 1217 1207 1203 1199 1191 1188 1186 1183 1182 1181 1179 1174 1173 1172 1168 1167 1165 1162 1153 1164 1154 1130 1118 1106 1097 1081 1073 1067 1053 1044 1035 1013 1002 991 980 960 952 944 933 928 924
1677 1659 1651 1643 1635 1616 1606 1597 1578 1569 1560 1539 1529 1518 1508 1487 1475 1465 1451 1449 1448 1448 1459 1460 1459 1449 1442 1436 1431 1424 1416 1407 1386 1375 1364 1340 1329 1318 1308 1292 1284 1276 1258 1249 1240 1232 1221 1216 1212 1204 1200 1197 1196 1194 1193 1191 1187 1186 1184 1182 1182 1182 1180 1173 1164 1169 1141 1128 1116 1106 1087 1079 1071 1055 1046 1035 1023 1001 990 980 960 952 945 933 928 924
1673 1655 1647 1638 1629 1609 1599 1588 1570 1561 1552 1544 1528 1518 1509 1494 1486 1480 1471 1468 1468 1470 1481 1483 1480 1465 1457 1450 1442 1424 1422 1414 1395 1385 1374 1362 1338 1327 1318 1305 1299 1292 1275 1266 1257 1248 1235 1230 1225 1217 1213 1209 1207 1203 1202 1200 1197 1196 1194 1193 1193 1193 1193 1187 1179 1169 1148 1134 1123 1113 1093 1085 1077 1059 1048 1036 1025 1002 991 981 962 954 947 940 930 925
1672 1653 1644 1635 1626 1606 1595 1585 1567 1559 1552 1546 1535 1527 1521 1510 1505 1502 1496 1494 1494 1497 1508 1509 1503 1483 1472 1461 1450 1431 1422 1420 1403 1394 1386 1375 1349 1339 1332 1320 1315 1308 1291 1282 1272 1263 1248 1243 1237 1228 1223 1219 1216 1211 1209 1207 1204 1202 1200 1198 1197 1198 1198 1194 1188 1178 1164 1139 1129 1119 1100 1093 1084 1066 1054 1041 1029 1006 995 985 966 958 951 944 933 927
1673 1653 1643 1634 1624 1605 1596 1587 1572 1565 1561 1557 1550 1545 1541 1534 1532 1530 1528 1525 1525 1528 1536 1535 1526 1503 1489 1474 1460 1438 1429 1420 1412 1406 1399 1390 1366 1359 1352 1339 1332 1324 1316 1296 1286 1276 1260 1253 1247 1236 1231 1227 1223 1216 1214 1211 1206 1203 1201 1199 1197 1197 1198 1195 1189 1181 1169 1139 1135 1126 1109 1102 1093 1076 1064 1050 1036 1012 1001 991 972 964 957 950 938 932
1675 1665 1644 1635 1625 1608 1600 1594 1582 1578 1576 1574 1572 1571 1569 1564 1562 1560 1558 1556 1558 1560 1561 1556 1548 1535 1507 1491 1475 1448 1438 1428 1412 1421 1416 1411 1391 1382 1375 1359 1350 1341 1331 1309 1299 1288 1269 1261 1254 1248 1236 1231 1227 1220 1217 1213 1207 1203 1200 1198 1196 1196 1196 1193 1188 1181 1171 1145 1135 1132 1118 1111 1103 1095 1075 1061 1046 1021 1010 999 980 972 964 957 944 938
1680 1669 1650 1640 1631 1616 1610 1604 1600 1596 1595 1596 1598 1599 1598 1594 1591 1589 1587 1586 1586 1585 1580 1575 1565 1552 1526 1510 1493 1463 1451 1439 1431 1421 1439 1437 1419 1407 1397 1380 1369 1358 1346 1323 1312 1301 1277 1268 1259 1252 1239 1234 1230 1222 1219 1216 1212 1205 1201 1199 1196 1195 1195 1193 1188 1181 1172 1151 1141 1132 1126 1120 1113 1105 1085 1072 1057 1031 1020 1009 999 981 973 966 952 945
1685 1675 1657 1650 1642 1629 1624 1620 1618 1617 1618 1620 1623 1624 1623 1622 1618 1615 1612 1609 1607 1603 1596 1590 1580 1568 1545 1530 1514 1484 1471 1460 1451 1441 1439 1465 1448 1434 1418 1405 1386 1374 1362 1336 1325 1312 1285 1274 1264 1255 1242 1237 1232 1224 1221 1217 1214 1207 1204 1202 1198 1197 1196 1195 1189 1182 1174 1156 1146 1138 1126 1127 1120 1113 1094 1081 1066 1040 1029 1019 1010 991 983 975 960 951
1685 1682 1667 1661 1655 1647 1643 1640 1639 1638 1640 1642 1644 1644 1644 1642 1638 1635 1632 1625 1621 1616 1612 1601 1593 1583 1562 1550 1536 1511 1499 1488 1478 1466 1466 1465 1474 1459 1439 1420 1400 1389 1376 1349 1336 1322 1308 1282 1270 1260 1245 1240 1235 1227 1224 1221 1218 1212 1209 1206 1202 1200 1198 1196 1191 1186 1178 1160 1152 1144 1138 1127 1127 1120 1102 1089 1075 1049 1038 1029 1020 1002 993 984 966 957
1690 1682 1679 1674 1671 1669 1664 1662 1661 1659 1660 1661 1661 1661 1660 1658 1654 1650 1646 1637 1632 1627 1622 1611 1605 1597 1579 1568 1558 1548 1528 1518 1508 1492 1492 1490 1474 1478 1459 1438 1413 1403 1391 1364 1350 1335 1321 1293 1278 1267 1250 1244 1239 1235 1228 1226 1223 1218 1215 1213 1207 1205 1202 1200 1194 1189 1183 1166 1157 1150 1144 1133 1127 1126 1108 1097 1084 1069 1048 1039 1031 1012 1001 991 971 961
1699 1691 1679 1690 1688 1687 1684 1682 1681 1678 1677 1677 1677 1674 1672 1671 1666 1662 1658 1649 1644 1638 1632 1622 1615 1608 1593 1584 1575 1566 1552 1547 1538 1517 1514 1510 1504 1478 1477 1459 1428 1418 1406 1382 1368 1352 1335 1302 1288 1275 1257 1251 1245 1241 1234 1232 1229 1224 1221 1219 1216 1209 1206 1203 1197 1193 1188 1173 1164 1155 1149 1138 1133 1126 1113 1101 1088 1076 1056 1048 1039 1019 1008 997 985 963
1710 1703 1693 1690 1704 1704 1701 1698 1696 1692 1690 1689 1688 1685 1682 1680 1675 1672 1669 1664 1654 1649 1643 1632 1626 1619 1606 1598 1591 1583 1571 1566 1561 1543 1536 1527 1518 1494 1477 1473 1442 1431 1420 1410 1385 1368 1348 1312 1298 1284 1266 1259 1253 1248 1240 1237 1235 1229 1227 1224 1221 1213 1210 1207 1200 1196 1191 1185 1170 1162 1154 1143 1137 1131 1113 1104 1092 1081 1063 1054 1045 1025 1013 1000 988 964
1721 1715 1710 1704 1704 1717 1714 1711 1708 1703 1700 1698 1698 1694 1691 1688 1683 1680 1676 1672 1663 1659 1654 1642 1635 1629 1623 1609 1604 1599 1586 1581 1577 1564 1553 1541 1530 1506 1490 1473 1452 1441 1431 1422 1397 1380 1361 1324 1309 1295 1284 1267 1260 1255 1246 1243 1240 1234 1232 1229 1225 1217 1214 1210 1203 1199 1195 1188 1174 1167 1159 1146 1141 1134 1127 1104 1095 1085 1066 1057 1048 1027 1015 1002 989 965
1732 1727 1723 1719 1718 1717 1726 1723 1720 1713 1710 1708 1706 1702 1699 1695 1688 1685 1682 1678 1671 1667 1663 1651 1645 1638 1632 1619 1614 1610 1598 1594 1590 1576 1565 1553 1541 1515 1500 1483 1452 1449 1439 1431 1408 1392 1373 1338 1322 1307 1294 1276 1268 1262 1253 1249 1246 1240 1237 1234 1230 1222 1218 1215 1207 1203 1198 1192 1177 1170 1163 1148 1142 1136 1129 1106 1095 1086 1067 1058 1049 1028 1016 1002 989 966
1743 1738 1734 1731 1730 1729 1726 1735 1732 1728 1719 1716 1713 1708 1705 1701 1692 1689 1686 1683 1677 1673 1668 1658 1652 1646 1640 1629 1624 1620 1610 1606 1601 1595 1576 1564 1551 1525 1512 1496 1462 1449 1446 1438 1418 1404 1387 1352 1335 1318 1305 1284 1276 1269 1259 1255 1251 1248 1242 1239 1236 1228 1224 1220 1212 1207 1201 1195 1180 1173 1165 1150 1143 1136 1128 1106 1096 1086 1067 1058 1048 1038 1016 1003 991 968
1751 1747 1743 1740 1739 1739 1737 1735 1741 1738 1728 1723 1720 1713 1710 1706 1702 1694 1690 1687 1680 1676 1672 1663 1658 1653 1648 1638 1633 1629 1621 1618 1613 1606 1588 1575 1561 1535 1522 1508 1490 1456 1446 1444 1429 1416 1401 1367 1347 1326 1311 1292 1284 1276 1264 1260 1256 1252 1245 1242 1240 1233 1229 1225 1220 1210 1204 1197 1183 1174 1166 1150 1142 1135 1126 1105 1095 1086 1067 1057 1048 1038 1016 1004 993 970
1757 1753 1750 1747 1747 1747 1746 1744 1741 1747 1736 1731 1727 1719 1715 1711 1707 1699 1694 1691 1683 1679 1675 1671 1663 1659 1655 1646 1642 1638 1631 1628 1624 1618 1599 1585 1570 1543 1530 1517 1501 1463 1451 1444 1438 1428 1415 1399 1359 1333 1316 1299 1291 1283 1270 1265 1260 1256 1249 1246 1243 1237 1233 1228 1224 1213 1206 1200 1185 1176 1167 1159 1142 1134 1124 1105 1095 1085 1067 1057 1048 1039 1018 1006 994 973
1760 1757 1755 1753 1754 1755 1755 1753 1750 1747 1744 1738 1733 1724 1720 1716 1712 1703 1699 1695 1687 1683 1679 1675 1668 1664 1661 1654 1650 1647 1643 1636 1633 1628 1609 1594 1578 1550 1537 1524 1509 1473 1460 1451 1438 1438 1428 1414 1376 1350 1329 1309 1301 1292 1285 1273 1268 1263 1254 1249 1245 1239 1235 1231 1226 1214 1208 1201 1186 1177 1168 1160 1141 1133 1123 1104 1095 1086 1076 1058 1048 1040 1020 1008 996 975
1764 1762 1760 1760 1761 1762 1762 1761 1758 1754 1744 1745 1739 1735 1726 1722 1718 1710 1705 1702 1693 1689 1685 1681 1673 1670 1666 1660 1658 1655 1651 1644 1640 1635 1617 1604 1589 1574 1544 1531 1517 1485 1472 1461 1446 1438 1436 1425 1394 1373 1352 1324 1316 1307 1298 1284 1278 1272 1260 1254 1249 1244 1236 1231 1226 1215 1208 1202 1187 1178 1170 1161 1142 1133 1123 1105 1096 1088 1079 1060 1051 1040 1020 1009 998 987
1770 1768 1768 1767 1768 1769 1769 1768 1765 1759 1751 1745 1745 1741 1733 1729 1725 1717 1714 1710 1706 1698 1693 1689 1680 1676 1673 1666 1664 1661 1658 1650 1645 1640 1622 1611 1598 1583 1552 1539 1525 1497 1484 1472 1463 1445 1436 1433 1408 1391 1374 1345 1336 1327 1317 1300 1292 1284 1269 1262 1255 1248 1238 1232 1226 1215 1209 1202 1196 1180 1172 1162 1145 1136 1126 1108 1099 1091 1082 1064 1054 1042 1020 1010 1000 990
1778 1777 1776 1776 1777 1777 1776 1774 1770 1764 1757 1751 1745 1747 1740 1736 1732 1726 1723 1719 1716 1708 1704 1699 1689 1684 1680 1676 1669 1666 1663 1655 1650 1643 1625 1614 1602 1588 1561 1548 1535 1509 1496 1483 1472 1451 1442 1433 1419 1406 1392 1379 1358 1349 1339 1319 1309 1299 1281 1272 1263 1255 1240 1233 1227 1215 1208 1203 1197 1182 1173 1164 1149 1140 1130 1120 1104 1095 1087 1068 1056 1043 1020 1010 1002 993
1789 1787 1787 1786 1786 1785 1784 1781 1777 1771 1767 1756 1751 1747 1748 1744 1740 1735 1732 1728 1725 1718 1714 1710 1699 1694 1689 1684 1675 1671 1668 1659 1654 1647 1637 1617 1606 1594 1571 1560 1547 1520 1507 1493 1481 1458 1448 1439 1419 1420 1410 1399 1380 1371 1361 1340 1329 1317 1306 1285 1275 1264 1242 1234 1227 1214 1208 1203 1197 1182 1174 1167 1153 1145 1135 1125 1108 1101 1092 1070 1057 1044 1032 1011 1002 994
1800 1799 1798 1797 1795 1793 1791 1791 1787 1781 1776 1763 1759 1754 1748 1754 1750 1748 1742 1737 1733 1727 1723 1720 1710 1704 1698 1692 1682 1677 1673 1663 1658 1651 1642 1623 1613 1602 1582 1571 1559 1545 1518 1504 1492 1469 1458 1448 1430 1420 1428 1419 1401 1391 1381 1360 1349 1338 1325 1299 1287 1273 1245 1235 1226 1219 1207 1202 1197 1183 1176 1170 1157 1149 1140 1131 1114 1106 1096 1072 1058 1045 1033 1013 1004 994
1813 1811 1809 1807 1804 1802 1800 1801 1797 1792 1786 1774 1769 1764 1757 1754 1761 1759 1751 1745 1740 1734 1731 1728 1719 1714 1708 1702 1690 1684 1679 1668 1662 1655 1646 1629 1620 1611 1594 1584 1571 1558 1530 1518 1507 1486 1476 1465 1445 1437 1428 1438 1419 1408 1398 1377 1367 1357 1344 1313 1298 1281 1248 1236 1227 1218 1206 1202 1196 1183 1177 1172 1159 1152 1144 1136 1119 1109 1099 1074 1060 1047 1035 1015 1005 995
1829 1823 1821 1818 1814 1813 1811 1808 1806 1802 1797 1785 1780 1776 1768 1764 1761 1767 1758 1752 1746 1739 1736 1734 1730 1722 1717 1711 1698 1692 1686 1673 1666 1659 1651 1636 1627 1619 1605 1596 1584 1571 1546 1536 1525 1507 1498 1487 1476 1456 1447 1438 1433 1423 1412 1390 1381 1371 1357 1323 1306 1289 1252 1238 1228 1219 1206 1201 1196 1183 1177 1172 1166 1154 1147 1139 1122 1111 1100 1075 1061 1049 1038 1017 1006 995
1842 1836 1833 1830 1826 1825 1823 1820 1814 1810 1805 1795 1791 1787 1779 1775 1771 1767 1761 1755 1750 1742 1739 1737 1734 1728 1723 1718 1706 1699 1693 1686 1671 1663 1655 1641 1634 1628 1616 1607 1596 1585 1564 1554 1544 1528 1519 1509 1498 1477 1468 1456 1433 1433 1421 1409 1388 1378 1364 1329 1311 1294 1258 1242 1229 1219 1206 1201 1195 1182 1177 1172 1166 1154 1148 1141 1122 1111 1099 1087 1062 1050 1039 1017 1006 995
1854 1848 1845 1841 1837 1836 1833 1830 1822 1817 1812 1802 1798 1794 1790 1782 1777 1772 1761 1755 1750 1742 1739 1737 1735 1730 1727 1723 1712 1706 1699 1692 1675 1667 1659 1645 1639 1634 1629 1616 1607 1597 1580 1571 1563 1548 1539 1528 1517 1500 1489 1473 1445 1433 1425 1412 1390 1381 1368 1333 1314 1297 1281 1247 1232 1221 1207 1201 1195 1182 1177 1172 1166 1155 1148 1140 1120 1108 1095 1084 1060 1048 1037 1016 1006 996
1866 1859 1855 1851 1846 1844 1842 1838 1828 1822 1816 1805 1802 1798 1793 1783 1778 1773 1761 1755 1748 1744 1737 1735 1733 1730 1728 1725 1716 1711 1704 1697 1680 1672 1664 1649 1644 1639 1634 1624 1617 1608 1592 1585 1579 1572 1554 1543 1533 1518 1506 1489 1458 1440 1425 1416 1392 1383 1371 1337 1317 1300 1284 1253 1236 1224 1208 1201 1196 1189 1177 1172 1167 1154 1146 1137 1115 1102 1090 1078 1057 1046 1035 1015 1006 997
1878 1869 1863 1859 1855 1849 1846 1843 1831 1824 1818 1807 1802 1797 1792 1781 1775 1770 1758 1753 1748 1740 1733 1731 1730 1728 1727 1725 1722 1714 1709 1702 1685 1677 1669 1655 1649 1644 1639 1630 1625 1618 1603 1596 1589 1583 1565 1554 1542 1526 1516 1504 1490 1449 1429 1416 1398 1386 1373 1340 1322 1304 1289 1259 1240 1226 1209 1203 1197 1190 1179 1173 1167 1153 1144 1133 1122 1096 1084 1073 1054 1044 1034 1015 1006 997
