grani_alti.asc
ncols       801
nrows       801
xllcorner   268968
yllcorner   5401414
cellsize    30
NODATA_value  -1
[rows 380 to 417 of 801, columns 258 to 343 of 801]
1441 1441 1440 1441 1443 1446 1449 1453 1464 1469 1475 1486 1491 1496 1508 1513 1519 1525 1533 1538 1541 1545 1549 1553 1556 1535 1535 1537 1545 1551 1557 1564 1573 1575 1575 1565 1557 1552 1547 1535 1528 1521 1510 1504 1497 1484 1480 1477 1475 1478 1483 1490 1509 1521 1532 1544 1571 1586 1601 1626 1640 1653 1666 1695 1710 1726 1759 1773 1783 1790 1800 1802 1801 1791 1784 1775 1752 1739 1724 1708 1673 1656 1643 1626 1622 1619
1431 1429 1428 1428 1431 1434 1437 1442 1453 1458 1464 1476 1481 1486 1491 1500 1505 1509 1517 1520 1521 1525 1529 1532 1534 1535 1516 1519 1530 1537 1544 1551 1559 1560 1560 1550 1543 1536 1530 1516 1510 1503 1492 1485 1479 1473 1467 1466 1465 1471 1478 1487 1509 1521 1533 1544 1570 1584 1598 1626 1641 1654 1665 1691 1706 1722 1752 1764 1775 1782 1792 1793 1794 1789 1783 1776 1768 1744 1729 1713 1677 1661 1647 1627 1622 1618
1426 1423 1422 1422 1424 1426 1429 1433 1443 1448 1454 1465 1471 1476 1480 1488 1491 1494 1499 1500 1501 1503 1507 1510 1511 1513 1516 1503 1516 1524 1531 1538 1545 1546 1544 1536 1529 1521 1513 1498 1492 1486 1476 1469 1463 1459 1455 1455 1457 1467 1475 1485 1496 1521 1534 1546 1571 1585 1599 1627 1641 1656 1668 1692 1706 1721 1745 1756 1766 1773 1782 1783 1784 1782 1779 1773 1766 1744 1730 1714 1681 1666 1651 1638 1621 1617
1423 1422 1421 1420 1420 1422 1425 1428 1436 1440 1445 1456 1461 1465 1469 1475 1477 1478 1480 1480 1482 1483 1483 1485 1487 1492 1497 1503 1496 1512 1519 1525 1531 1530 1528 1520 1512 1504 1496 1481 1475 1470 1462 1457 1452 1448 1446 1447 1451 1463 1472 1482 1494 1522 1536 1549 1577 1589 1603 1617 1644 1656 1671 1694 1706 1718 1737 1747 1755 1762 1769 1770 1771 1770 1769 1766 1760 1740 1727 1711 1681 1668 1653 1639 1621 1615
1421 1421 1420 1420 1419 1420 1422 1424 1431 1435 1439 1443 1451 1454 1458 1462 1462 1462 1460 1460 1461 1462 1459 1461 1465 1472 1479 1487 1496 1498 1505 1510 1514 1514 1512 1509 1495 1487 1480 1467 1462 1457 1453 1446 1442 1439 1439 1441 1446 1459 1469 1480 1493 1522 1537 1552 1583 1596 1608 1621 1648 1659 1671 1695 1704 1713 1720 1736 1742 1747 1753 1755 1756 1753 1752 1751 1747 1731 1720 1705 1676 1665 1653 1640 1620 1613
1419 1420 1419 1418 1417 1417 1418 1420 1425 1429 1432 1435 1440 1443 1445 1447 1447 1445 1443 1440 1440 1441 1438 1440 1445 1454 1461 1471 1481 1498 1487 1491 1496 1496 1495 1492 1479 1471 1465 1454 1449 1445 1442 1435 1432 1430 1432 1436 1441 1448 1467 1479 1493 1523 1538 1555 1587 1600 1613 1625 1651 1662 1673 1695 1699 1705 1710 1722 1726 1730 1735 1736 1736 1735 1731 1730 1728 1718 1709 1698 1684 1662 1651 1639 1619 1611
1414 1416 1415 1413 1412 1412 1413 1414 1417 1420 1423 1426 1429 1431 1432 1432 1430 1428 1425 1422 1421 1422 1420 1422 1426 1430 1445 1455 1465 1480 1487 1471 1475 1475 1474 1471 1462 1455 1449 1439 1435 1432 1430 1425 1423 1422 1425 1430 1436 1445 1467 1480 1494 1524 1539 1556 1572 1601 1613 1626 1652 1663 1673 1691 1699 1693 1698 1706 1709 1712 1715 1715 1714 1713 1711 1710 1708 1704 1699 1690 1681 1662 1651 1640 1618 1610
1404 1407 1407 1405 1404 1405 1405 1406 1408 1411 1413 1416 1417 1418 1418 1416 1413 1410 1407 1404 1403 1403 1402 1404 1407 1411 1427 1437 1446 1460 1466 1471 1452 1453 1451 1449 1443 1438 1433 1425 1421 1420 1419 1416 1414 1414 1419 1425 1433 1443 1467 1481 1496 1524 1539 1555 1570 1597 1609 1622 1647 1657 1667 1676 1689 1693 1683 1690 1692 1695 1697 1696 1694 1693 1692 1692 1692 1691 1689 1684 1677 1660 1650 1640 1619 1609
1392 1396 1398 1397 1396 1395 1395 1395 1396 1399 1402 1403 1404 1404 1404 1402 1395 1392 1390 1387 1386 1385 1384 1386 1388 1393 1407 1418 1426 1438 1444 1449 1452 1429 1428 1426 1423 1421 1417 1415 1410 1409 1409 1407 1406 1406 1413 1421 1431 1442 1468 1482 1496 1523 1537 1551 1565 1590 1602 1614 1638 1648 1657 1665 1676 1680 1683 1673 1676 1678 1679 1677 1676 1675 1674 1675 1677 1680 1680 1677 1672 1658 1649 1639 1619 1608
1392 1383 1388 1388 1386 1383 1383 1383 1383 1387 1388 1389 1389 1389 1388 1385 1377 1375 1373 1370 1369 1368 1367 1369 1371 1375 1388 1398 1405 1416 1421 1426 1428 1429 1405 1404 1405 1405 1404 1403 1401 1400 1400 1399 1399 1400 1402 1417 1428 1441 1467 1481 1494 1508 1534 1547 1559 1583 1594 1605 1628 1638 1647 1654 1663 1665 1667 1673 1658 1660 1660 1659 1658 1657 1656 1658 1662 1666 1669 1669 1666 1654 1645 1636 1616 1604
1380 1372 1376 1377 1376 1374 1373 1372 1372 1374 1374 1373 1373 1372 1371 1368 1361 1359 1357 1355 1353 1352 1351 1353 1355 1358 1369 1378 1384 1388 1399 1403 1405 1405 1405 1385 1389 1391 1392 1393 1393 1393 1393 1393 1393 1395 1398 1414 1425 1437 1464 1478 1492 1506 1531 1542 1553 1575 1585 1596 1607 1626 1635 1641 1648 1649 1651 1656 1640 1640 1640 1639 1639 1639 1638 1640 1645 1650 1657 1658 1656 1646 1637 1627 1619 1597
1370 1372 1366 1367 1367 1366 1364 1363 1363 1361 1360 1359 1357 1356 1354 1352 1346 1345 1344 1341 1339 1337 1337 1338 1339 1342 1351 1357 1363 1366 1376 1379 1381 1383 1384 1385 1374 1379 1381 1383 1386 1386 1386 1386 1387 1390 1394 1409 1419 1431 1459 1473 1488 1501 1526 1536 1547 1567 1576 1586 1595 1613 1621 1627 1632 1634 1636 1638 1640 1620 1619 1619 1619 1619 1619 1622 1627 1632 1643 1645 1645 1633 1623 1614 1607 1587
1362 1363 1366 1359 1359 1360 1358 1357 1355 1351 1349 1346 1343 1340 1338 1337 1333 1333 1332 1331 1326 1324 1323 1324 1326 1328 1335 1339 1342 1345 1354 1358 1360 1365 1368 1371 1374 1369 1372 1374 1377 1378 1379 1379 1382 1385 1389 1403 1413 1425 1452 1466 1480 1493 1518 1529 1539 1559 1568 1576 1584 1600 1607 1612 1618 1620 1621 1622 1621 1620 1600 1598 1598 1599 1600 1605 1609 1615 1626 1629 1630 1620 1611 1601 1593 1574
1356 1356 1358 1359 1353 1354 1353 1352 1349 1343 1339 1335 1331 1325 1324 1323 1320 1319 1319 1318 1314 1311 1310 1311 1314 1316 1318 1322 1324 1326 1335 1339 1343 1352 1356 1359 1363 1369 1363 1365 1368 1369 1370 1372 1376 1380 1384 1397 1407 1419 1432 1455 1469 1483 1509 1520 1530 1541 1558 1566 1574 1587 1593 1597 1603 1605 1606 1606 1603 1602 1600 1580 1580 1581 1583 1589 1594 1599 1610 1614 1614 1612 1598 1589 1580 1562
1350 1350 1350 1352 1353 1346 1346 1344 1342 1335 1331 1325 1320 1312 1310 1309 1306 1305 1305 1305 1301 1299 1298 1300 1302 1304 1305 1307 1308 1311 1320 1325 1330 1336 1346 1350 1354 1361 1363 1355 1357 1359 1361 1364 1371 1375 1380 1393 1402 1413 1424 1445 1457 1471 1497 1508 1519 1529 1547 1555 1562 1574 1578 1582 1585 1588 1589 1588 1586 1584 1582 1580 1562 1563 1565 1573 1579 1585 1595 1598 1599 1596 1584 1576 1567 1551
1344 1343 1343 1344 1345 1346 1336 1335 1333 1330 1321 1315 1309 1301 1298 1296 1295 1293 1292 1292 1289 1288 1288 1291 1292 1292 1293 1295 1297 1300 1309 1315 1321 1327 1338 1343 1347 1351 1353 1355 1346 1349 1351 1355 1364 1369 1375 1388 1397 1407 1417 1435 1446 1458 1482 1494 1504 1515 1534 1543 1550 1560 1563 1566 1568 1570 1570 1570 1567 1566 1564 1563 1562 1546 1548 1556 1562 1569 1580 1583 1583 1580 1569 1562 1554 1540
1337 1335 1334 1334 1335 1336 1336 1323 1321 1318 1308 1303 1298 1291 1288 1287 1286 1284 1282 1281 1280 1279 1279 1281 1282 1282 1283 1286 1289 1292 1302 1307 1313 1319 1331 1335 1339 1342 1343 1345 1346 1340 1342 1346 1357 1363 1369 1375 1391 1400 1409 1426 1436 1446 1467 1478 1488 1499 1520 1528 1536 1545 1547 1549 1550 1550 1551 1550 1548 1547 1545 1544 1544 1546 1533 1543 1548 1554 1560 1567 1566 1564 1553 1547 1540 1527
1330 1327 1325 1323 1323 1323 1324 1323 1307 1304 1296 1292 1288 1282 1280 1279 1278 1277 1275 1273 1272 1272 1272 1272 1273 1274 1276 1280 1283 1287 1291 1301 1307 1312 1324 1328 1330 1333 1335 1336 1337 1340 1333 1337 1348 1355 1362 1369 1385 1392 1401 1417 1426 1434 1443 1463 1473 1483 1504 1513 1520 1529 1531 1532 1532 1532 1532 1531 1529 1528 1527 1526 1527 1530 1533 1530 1535 1540 1545 1550 1549 1546 1536 1531 1524 1518
1322 1319 1316 1313 1312 1312 1311 1309 1307 1292 1285 1282 1279 1275 1274 1273 1272 1272 1270 1268 1267 1266 1266 1266 1267 1268 1270 1275 1279 1282 1287 1296 1301 1306 1317 1321 1323 1324 1327 1328 1329 1331 1333 1328 1339 1346 1354 1362 1377 1384 1392 1409 1417 1424 1432 1450 1458 1467 1488 1497 1504 1510 1515 1515 1515 1515 1514 1514 1513 1511 1510 1510 1511 1514 1519 1530 1523 1527 1530 1534 1532 1529 1519 1514 1508 1501
1317 1313 1310 1305 1303 1302 1300 1297 1295 1292 1278 1275 1273 1271 1268 1268 1268 1268 1267 1265 1263 1263 1262 1262 1263 1265 1267 1272 1275 1279 1283 1291 1296 1301 1312 1315 1316 1316 1319 1321 1321 1322 1325 1319 1324 1337 1345 1354 1369 1376 1384 1400 1407 1414 1421 1437 1445 1454 1472 1481 1487 1493 1499 1500 1500 1500 1500 1500 1499 1498 1497 1497 1498 1501 1506 1511 1523 1513 1515 1516 1515 1512 1504 1498 1492 1485
1314 1310 1306 1300 1298 1295 1293 1288 1286 1283 1278 1272 1270 1268 1265 1265 1265 1265 1265 1264 1262 1261 1260 1260 1261 1262 1264 1269 1272 1275 1278 1286 1290 1295 1305 1308 1309 1309 1312 1313 1313 1314 1316 1319 1316 1328 1336 1344 1360 1367 1374 1381 1395 1401 1409 1423 1431 1440 1456 1464 1471 1477 1484 1485 1485 1486 1487 1487 1487 1487 1487 1487 1489 1492 1495 1500 1510 1513 1500 1500 1499 1497 1494 1485 1478 1472
1312 1308 1305 1301 1295 1292 1290 1284 1282 1279 1274 1272 1270 1268 1266 1265 1265 1264 1264 1263 1262 1261 1260 1259 1260 1261 1262 1264 1268 1270 1273 1279 1283 1287 1292 1299 1301 1302 1305 1305 1305 1307 1308 1311 1316 1319 1326 1334 1348 1355 1361 1367 1380 1387 1394 1409 1416 1424 1431 1447 1455 1462 1471 1472 1473 1474 1474 1475 1476 1477 1477 1478 1482 1484 1487 1491 1497 1499 1500 1487 1485 1483 1480 1472 1466 1460
1311 1308 1304 1301 1295 1292 1289 1284 1282 1279 1277 1272 1270 1272 1270 1269 1268 1266 1265 1264 1263 1262 1261 1261 1260 1260 1261 1261 1264 1265 1267 1272 1274 1278 1282 1289 1292 1294 1296 1296 1297 1298 1301 1304 1308 1319 1316 1323 1336 1342 1347 1353 1365 1372 1379 1393 1401 1408 1415 1432 1440 1448 1458 1460 1461 1461 1462 1462 1463 1465 1467 1469 1474 1476 1479 1483 1486 1486 1487 1487 1473 1470 1465 1457 1452 1447
1313 1309 1305 1302 1295 1292 1290 1286 1284 1282 1280 1276 1274 1272 1278 1277 1275 1274 1270 1268 1267 1265 1264 1264 1262 1261 1260 1260 1261 1261 1262 1265 1267 1269 1272 1278 1281 1284 1287 1288 1289 1291 1294 1297 1300 1310 1316 1313 1318 1329 1334 1340 1351 1358 1365 1379 1386 1394 1401 1416 1426 1435 1448 1450 1451 1451 1450 1449 1449 1452 1455 1458 1462 1468 1471 1474 1475 1475 1475 1475 1473 1457 1452 1443 1438 1433
1323 1313 1308 1305 1298 1295 1293 1290 1289 1288 1287 1283 1281 1280 1278 1288 1286 1284 1279 1276 1274 1271 1270 1269 1268 1265 1262 1261 1260 1259 1259 1260 1261 1262 1264 1269 1272 1275 1279 1280 1282 1284 1287 1290 1293 1302 1307 1313 1309 1319 1323 1328 1339 1346 1352 1359 1373 1381 1388 1404 1413 1423 1438 1441 1442 1442 1439 1437 1436 1438 1442 1446 1450 1458 1460 1463 1463 1464 1464 1464 1462 1457 1440 1430 1425 1420
1330 1319 1314 1310 1303 1301 1299 1298 1297 1297 1296 1295 1294 1293 1290 1288 1300 1297 1291 1288 1285 1281 1279 1277 1275 1271 1268 1265 1261 1260 1259 1258 1258 1258 1259 1263 1265 1267 1271 1273 1275 1277 1281 1283 1286 1294 1298 1304 1309 1309 1314 1318 1329 1335 1341 1348 1362 1370 1377 1394 1404 1414 1423 1433 1434 1433 1428 1425 1423 1424 1427 1432 1438 1447 1450 1452 1454 1454 1454 1454 1451 1445 1440 1418 1413 1408
1340 1328 1323 1318 1311 1309 1308 1308 1309 1309 1310 1311 1311 1310 1309 1304 1300 1313 1305 1302 1300 1294 1292 1289 1285 1279 1276 1272 1266 1264 1262 1260 1258 1258 1258 1260 1261 1262 1264 1267 1269 1271 1275 1277 1280 1283 1291 1296 1300 1309 1305 1309 1319 1325 1332 1339 1353 1360 1367 1385 1395 1404 1413 1423 1423 1422 1417 1413 1410 1409 1413 1418 1425 1436 1439 1442 1444 1445 1444 1444 1439 1434 1429 1418 1401 1397
1351 1340 1335 1330 1323 1321 1320 1320 1323 1325 1327 1330 1331 1330 1328 1321 1317 1313 1320 1317 1315 1312 1307 1304 1300 1289 1286 1281 1273 1270 1267 1264 1261 1259 1259 1258 1258 1259 1260 1263 1264 1266 1270 1272 1274 1277 1284 1288 1292 1301 1305 1299 1304 1316 1323 1330 1344 1350 1357 1374 1383 1391 1399 1408 1409 1408 1403 1399 1396 1395 1399 1405 1411 1423 1427 1431 1433 1435 1434 1432 1427 1422 1417 1406 1401 1387
1363 1353 1348 1344 1337 1335 1335 1336 1340 1343 1346 1350 1350 1349 1348 1340 1335 1330 1320 1331 1328 1326 1321 1318 1314 1301 1296 1292 1287 1277 1274 1270 1265 1262 1261 1258 1258 1257 1258 1259 1261 1262 1265 1267 1269 1272 1277 1280 1283 1291 1295 1299 1293 1305 1312 1319 1334 1340 1346 1353 1368 1375 1381 1389 1390 1390 1386 1383 1381 1380 1385 1390 1397 1409 1413 1417 1421 1423 1422 1420 1414 1410 1405 1399 1391 1387
1375 1366 1362 1359 1356 1353 1354 1356 1361 1364 1366 1367 1367 1366 1364 1357 1352 1347 1335 1343 1339 1336 1332 1329 1325 1312 1306 1301 1297 1286 1281 1277 1270 1267 1264 1262 1259 1258 1257 1258 1258 1259 1261 1263 1264 1266 1270 1272 1275 1281 1285 1289 1293 1294 1301 1308 1323 1329 1335 1340 1352 1357 1361 1367 1368 1368 1367 1366 1365 1365 1370 1376 1382 1394 1399 1404 1408 1411 1410 1408 1401 1398 1393 1388 1381 1378
1387 1380 1377 1375 1374 1373 1375 1378 1382 1383 1383 1383 1381 1379 1377 1370 1366 1361 1354 1343 1348 1344 1339 1337 1332 1320 1314 1309 1305 1295 1290 1285 1276 1272 1269 1266 1261 1259 1258 1257 1257 1257 1257 1259 1260 1261 1263 1265 1267 1272 1275 1278 1282 1294 1290 1297 1311 1317 1322 1326 1334 1338 1340 1344 1345 1346 1347 1348 1348 1350 1356 1361 1368 1374 1386 1391 1395 1398 1398 1397 1389 1386 1382 1377 1371 1370
1403 1397 1395 1394 1394 1395 1397 1400 1401 1400 1398 1396 1391 1388 1386 1380 1376 1370 1364 1353 1348 1350 1344 1341 1337 1332 1320 1315 1311 1302 1297 1292 1282 1277 1273 1270 1264 1262 1260 1258 1257 1256 1255 1255 1255 1256 1256 1257 1259 1261 1266 1268 1272 1283 1290 1286 1293 1305 1310 1313 1319 1321 1322 1324 1325 1327 1329 1333 1334 1335 1343 1348 1354 1361 1374 1379 1383 1386 1387 1385 1381 1374 1370 1366 1361 1362
1423 1421 1416 1415 1416 1416 1418 1418 1417 1415 1411 1407 1399 1395 1391 1384 1380 1375 1370 1359 1354 1350 1347 1344 1340 1335 1324 1319 1315 1306 1301 1296 1291 1281 1277 1272 1266 1263 1261 1258 1257 1256 1254 1251 1251 1251 1251 1251 1252 1254 1257 1260 1263 1272 1279 1286 1283 1295 1299 1302 1306 1307 1308 1308 1312 1314 1316 1319 1321 1323 1331 1336 1342 1349 1362 1368 1372 1376 1376 1375 1371 1363 1358 1355 1353 1355
1444 1441 1437 1435 1434 1433 1433 1432 1431 1426 1421 1415 1404 1398 1393 1384 1379 1375 1370 1361 1357 1353 1347 1344 1340 1335 1325 1321 1316 1307 1302 1297 1292 1282 1277 1272 1265 1262 1261 1259 1256 1255 1253 1249 1247 1246 1246 1246 1247 1248 1251 1253 1255 1264 1270 1276 1283 1286 1290 1293 1296 1297 1297 1297 1301 1303 1304 1308 1310 1312 1316 1325 1331 1337 1350 1356 1360 1365 1366 1364 1360 1351 1347 1345 1346 1348
1462 1460 1454 1451 1448 1444 1443 1442 1440 1433 1427 1421 1407 1400 1393 1387 1378 1372 1367 1358 1355 1353 1350 1344 1337 1333 1324 1319 1315 1305 1300 1295 1290 1278 1273 1269 1262 1260 1258 1257 1255 1253 1252 1247 1246 1244 1243 1243 1243 1244 1246 1247 1250 1257 1262 1268 1275 1286 1282 1284 1287 1287 1287 1288 1291 1293 1293 1297 1299 1302 1306 1314 1319 1325 1337 1342 1347 1351 1354 1353 1349 1341 1339 1337 1339 1340
1477 1474 1467 1462 1458 1452 1450 1447 1445 1437 1432 1425 1410 1401 1393 1387 1375 1369 1364 1355 1351 1348 1346 1341 1337 1329 1320 1315 1311 1306 1296 1290 1285 1273 1267 1263 1257 1255 1254 1253 1252 1251 1250 1246 1245 1243 1242 1241 1241 1242 1242 1244 1245 1248 1255 1261 1267 1277 1282 1276 1278 1279 1279 1279 1282 1282 1283 1287 1290 1293 1296 1303 1308 1312 1322 1327 1332 1336 1342 1342 1340 1334 1333 1332 1332 1333
1488 1485 1476 1471 1466 1463 1456 1452 1449 1441 1435 1428 1411 1402 1394 1387 1373 1367 1361 1350 1346 1343 1341 1336 1333 1329 1314 1309 1305 1300 1290 1284 1278 1267 1262 1257 1254 1251 1251 1250 1249 1249 1248 1245 1244 1243 1242 1241 1241 1241 1241 1241 1242 1243 1249 1254 1259 1269 1273 1276 1269 1271 1271 1271 1273 1274 1275 1277 1282 1284 1287 1293 1296 1300 1308 1313 1317 1321 1328 1330 1330 1327 1325 1325 1324 1325
1496 1493 1485 1479 1475 1471 1463 1458 1454 1444 1437 1430 1422 1404 1395 1388 1373 1366 1359 1346 1341 1338 1335 1330 1327 1323 1314 1302 1297 1292 1282 1277 1272 1261 1257 1253 1250 1247 1248 1248 1247 1247 1247 1246 1243 1242 1241 1240 1240 1240 1239 1239 1239 1240 1244 1248 1252 1261 1265 1268 1269 1264 1264 1264 1266 1267 1268 1270 1274 1276 1279 1283 1286 1288 1291 1299 1303 1307 1314 1316 1317 1316 1315 1315 1315 1316
