proyectos/proyecto_grani/grani_viento.asc
ncols       801
nrows       801
xllcorner   268962
yllcorner   5401414
cellsize    30
NODATA_value  -1
[rows 645 to 687 of 801, columns 384 to 479 of 801]
329 329 329 329 315 315 315 315 309 309 309 309 308 308 308 308 306 306 306 306 297 297 297 297 285 285 285 285 280 280 280 280 295 295 295 295 299 299 299 299 295 295 295 295 294 294 294 294 304 304 304 304 317 317 317 317 321 321 321 321 311 311 311 311 301 301 301 301 303 303 303 303 314 314 314 314 316 316 316 316 318 318 318 318 322 322 322 322 319 319 319 319 313 313 313 313
329 329 329 329 315 315 315 315 309 309 309 309 308 308 308 308 306 306 306 306 297 297 297 297 285 285 285 285 280 280 280 280 295 295 295 295 299 299 299 299 295 295 295 295 294 294 294 294 304 304 304 304 317 317 317 317 321 321 321 321 311 311 311 311 301 301 301 301 303 303 303 303 314 314 314 314 316 316 316 316 318 318 318 311 318 318 318 318 318 318 318 318 313 313 313 313
329 329 329 329 315 315 315 315 309 309 309 309 308 308 308 308 306 306 306 306 297 297 297 297 285 285 285 285 280 280 280 280 295 295 295 295 299 299 299 299 295 295 295 295 294 294 294 294 304 304 304 304 317 317 317 305 313 313 313 313 306 306 306 306 299 299 299 299 302 302 302 302 308 308 308 308 309 309 309 309 311 311 311 311 318 318 318 318 318 318 318 318 313 313 313 313
329 329 329 329 315 315 315 315 309 309 309 309 308 308 308 308 306 306 306 306 297 297 297 297 285 285 281 281 280 280 280 280 293 293 293 293 296 296 296 296 290 290 290 290 286 286 286 286 291 291 291 291 305 305 305 305 313 313 313 313 306 306 306 306 299 299 299 299 302 302 302 302 308 308 308 308 309 309 309 309 311 311 311 311 318 318 318 318 318 318 318 318 313 313 313 313
325 325 325 325 307 307 307 307 298 298 298 298 291 291 291 291 290 290 290 290 288 288 288 288 281 281 281 281 280 280 280 280 293 293 293 293 296 296 296 296 290 290 290 290 286 286 286 286 291 291 291 291 305 305 305 305 313 313 313 313 306 306 306 306 299 299 299 299 302 302 302 302 308 308 308 308 309 309 309 309 311 311 311 311 318 318 318 318 318 318 318 318 313 313 313 313
325 325 325 325 307 307 307 307 298 298 298 298 291 291 291 291 290 290 290 290 288 288 288 288 281 281 281 281 280 280 280 280 293 293 293 293 296 296 296 296 290 290 290 290 286 286 286 286 291 291 291 291 305 305 305 305 313 313 313 313 306 306 306 306 299 299 299 299 302 302 302 302 308 308 308 308 309 309 309 309 311 311 311 308 317 317 317 317 316 316 316 316 309 309 309 309
325 325 325 325 307 307 307 307 298 298 298 298 291 291 291 291 290 290 290 290 288 288 288 288 281 281 281 281 280 280 280 280 293 293 293 293 296 296 296 296 290 290 290 290 286 286 286 286 291 291 291 291 305 305 296 296 306 306 306 306 304 304 304 304 298 298 298 298 301 301 301 301 304 304 304 304 304 304 304 304 308 308 308 308 317 317 317 317 316 316 316 316 309 309 309 309
325 325 325 325 307 307 307 307 298 298 298 298 291 291 291 291 290 290 290 290 288 288 288 288 281 281 284 284 284 284 284 284 288 288 288 288 288 288 288 288 285 285 285 285 282 282 282 282 284 284 284 284 296 296 296 296 306 306 306 306 304 304 304 304 298 298 298 298 301 301 301 301 304 304 304 304 304 304 304 304 308 308 308 308 317 317 317 317 316 316 316 316 309 309 309 309
324 324 324 324 305 305 305 305 294 294 294 294 286 286 286 286 283 283 283 283 284 284 284 284 284 284 284 284 284 284 284 284 288 288 288 288 288 288 288 288 285 285 285 285 282 282 282 282 284 284 284 284 296 296 296 296 306 306 306 306 304 304 304 304 298 298 298 298 301 301 301 301 304 304 304 304 304 304 304 304 308 308 308 308 317 317 317 317 316 316 316 316 309 309 309 309
324 324 324 324 305 305 305 305 294 294 294 294 286 286 286 286 283 283 283 283 284 284 284 284 284 284 284 284 284 284 284 284 288 288 288 288 288 288 288 288 285 285 285 285 282 282 282 282 284 284 284 284 296 296 296 296 306 306 306 306 304 304 304 304 298 298 298 298 301 301 301 301 304 304 304 304 304 304 304 304 308 308 308 307 314 314 314 314 312 312 312 312 307 307 307 307
324 324 324 324 305 305 305 305 294 294 294 294 286 286 286 286 283 283 283 283 284 284 284 284 284 284 284 284 284 284 284 284 288 288 288 288 288 288 288 288 285 285 285 285 282 282 282 282 284 284 284 284 296 296 288 288 298 298 298 298 299 299 299 299 297 297 297 297 298 298 298 298 301 301 301 301 302 302 302 302 307 307 307 307 314 314 314 314 312 312 312 312 307 307 307 307
324 324 324 324 305 305 305 305 294 294 294 294 286 286 286 286 283 283 283 283 284 284 284 284 284 284 286 286 287 287 287 287 284 284 284 284 282 282 282 282 282 282 282 282 281 281 281 281 282 282 282 282 288 288 288 288 298 298 298 298 299 299 299 299 297 297 297 297 298 298 298 298 301 301 301 301 302 302 302 302 307 307 307 307 314 314 314 314 312 312 312 312 307 307 307 307
330 330 330 330 314 314 314 314 306 306 306 306 296 296 296 296 285 285 285 285 284 284 284 284 286 286 286 286 287 287 287 287 284 284 284 284 282 282 282 282 282 282 282 282 281 281 281 281 282 282 282 282 288 288 288 288 298 298 298 298 299 299 299 299 297 297 297 297 298 298 298 298 301 301 301 301 302 302 302 302 307 307 307 307 314 314 314 314 312 312 312 312 307 307 307 307
330 330 330 330 314 314 314 314 306 306 306 306 296 296 296 296 285 285 285 285 284 284 284 284 286 286 286 286 287 287 287 287 284 284 284 284 282 282 282 282 282 282 282 282 281 281 281 281 282 282 282 282 288 288 288 288 298 298 298 298 299 299 299 299 297 297 297 297 298 298 298 298 301 301 301 301 302 302 302 302 307 307 307 301 306 306 306 306 304 304 304 304 301 301 301 301
330 330 330 330 314 314 314 314 306 306 306 306 296 296 296 296 285 285 285 285 284 284 284 284 286 286 286 286 287 287 287 287 284 284 284 284 282 282 282 282 282 282 282 282 281 281 281 281 282 282 282 282 288 288 288 280 287 287 287 287 291 291 291 291 291 291 291 291 292 292 292 292 295 295 295 295 297 297 297 297 301 301 301 301 306 306 306 306 304 304 304 304 301 301 301 301
330 330 330 330 314 314 314 314 306 306 306 306 296 296 296 296 285 285 285 285 284 284 284 284 286 286 287 287 287 287 287 287 283 283 283 283 280 280 280 280 279 279 279 279 278 278 278 278 277 277 277 277 280 280 280 280 287 287 287 287 291 291 291 291 291 291 291 291 292 292 292 292 295 295 295 295 297 297 297 297 301 301 301 301 306 306 306 306 304 304 304 304 301 301 301 301
335 335 335 335 324 324 324 324 321 321 321 321 312 312 312 312 291 291 291 291 286 286 286 286 287 287 287 287 287 287 287 287 283 283 283 283 280 280 280 280 279 279 279 279 278 278 278 278 277 277 277 277 280 280 280 280 287 287 287 287 291 291 291 291 291 291 291 291 292 292 292 292 295 295 295 295 297 297 297 297 301 301 301 301 306 306 306 306 304 304 304 304 301 301 301 301
335 335 335 335 324 324 324 324 321 321 321 321 312 312 312 312 291 291 291 291 286 286 286 286 287 287 287 287 287 287 287 287 283 283 283 283 280 280 280 280 279 279 279 279 278 278 278 278 277 277 277 277 280 280 280 280 287 287 287 287 291 291 291 291 291 291 291 291 292 292 292 292 295 295 295 295 297 297 297 297 301 301 301 301 297 297 297 297 297 296 296 296 296 294 294 294
335 335 335 335 324 324 324 324 321 321 321 321 312 312 312 312 291 291 291 291 286 286 286 286 287 287 287 287 287 287 287 287 283 283 283 283 280 280 280 280 280 279 279 279 279 278 278 278 277 277 277 277 277 280 280 275 275 279 279 279 279 284 284 284 284 286 286 286 286 288 288 288 288 289 289 289 289 290 290 290 290 293 293 293 293 297 297 297 297 296 296 296 296 294 294 294
335 335 335 335 335 324 324 324 324 321 321 321 321 312 312 312 312 291 291 291 291 286 286 286 286 287 280 280 280 283 283 283 283 282 282 282 282 280 280 280 280 277 277 277 277 275 275 275 275 274 274 274 274 275 275 275 275 279 279 279 279 284 284 284 284 286 286 286 286 288 288 288 288 289 289 289 289 290 290 290 290 293 293 293 293 297 297 297 297 296 296 296 296 294 294 294
342 334 334 334 334 324 324 324 324 321 321 321 321 315 315 315 315 295 295 295 295 284 284 284 284 280 280 280 280 283 283 283 283 282 282 282 282 280 280 280 280 277 277 277 277 275 275 275 275 274 274 274 274 275 275 275 275 279 279 279 279 284 284 284 284 286 286 286 286 288 288 288 288 289 289 289 289 290 290 290 290 293 293 293 293 297 297 297 297 296 296 296 296 294 294 294
342 334 334 334 334 324 324 324 324 321 321 321 321 315 315 315 315 295 295 295 295 284 284 284 284 280 280 280 280 283 283 283 283 282 282 282 282 280 280 280 280 277 277 277 277 275 275 275 275 274 274 274 274 275 275 275 275 279 279 279 279 284 284 284 284 286 286 286 286 288 288 288 288 289 289 289 289 290 290 290 290 293 293 293 290 292 292 292 292 292 292 292 292 290 290 290
342 334 334 334 334 324 324 324 324 321 321 321 321 315 315 315 315 295 295 295 295 284 284 284 284 280 280 280 280 283 283 283 283 282 282 282 282 280 280 280 280 277 277 277 277 275 275 275 275 274 274 274 274 275 275 273 273 277 277 277 277 282 282 282 282 285 285 285 285 287 287 287 287 287 287 287 287 288 288 288 288 290 290 290 290 292 292 292 292 292 292 292 292 290 290 290
342 334 334 334 334 324 324 324 324 321 321 321 321 315 315 315 315 295 295 295 295 284 284 284 284 280 270 270 270 273 273 273 273 280 280 280 280 280 280 280 280 277 277 277 277 273 273 273 273 271 271 271 271 273 273 273 273 277 277 277 277 282 282 282 282 285 285 285 285 287 287 287 287 287 287 287 287 288 288 288 288 290 290 290 290 292 292 292 292 292 292 292 292 290 290 290
337 329 329 329 329 319 319 319 319 313 313 313 313 307 307 307 307 292 292 292 292 277 277 277 277 270 270 270 270 273 273 273 273 280 280 280 280 280 280 280 280 277 277 277 277 273 273 273 273 271 271 271 271 273 273 273 273 277 277 277 277 282 282 282 282 285 285 285 285 287 287 287 287 287 287 287 287 288 288 288 288 290 290 290 290 292 292 292 292 292 292 292 292 290 290 290
337 329 329 329 329 319 319 319 319 313 313 313 313 307 307 307 307 292 292 292 292 277 277 277 277 270 270 270 270 273 273 273 273 280 280 280 280 280 280 280 280 277 277 277 277 273 273 273 273 271 271 271 271 273 273 273 273 277 277 277 277 282 282 282 282 285 285 285 285 287 287 287 287 287 287 287 287 288 288 288 288 290 290 290 289 289 289 289 289 287 287 287 287 286 286 286
337 329 329 329 329 319 319 319 319 313 313 313 313 307 307 307 307 292 292 292 292 277 277 277 277 270 270 270 270 273 273 273 273 280 280 280 280 280 280 280 280 277 277 277 277 273 273 273 273 271 271 271 271 273 273 275 275 280 280 280 280 283 283 283 283 286 286 286 286 286 286 286 286 287 287 287 287 288 288 288 288 289 289 289 289 289 289 289 289 287 287 287 287 286 286 286
337 329 329 329 329 319 319 319 319 313 313 313 313 307 307 307 307 292 292 292 292 277 277 277 277 270 268 268 268 269 269 269 269 276 276 276 276 278 278 278 278 275 275 275 275 271 271 271 271 272 272 272 272 275 275 275 275 280 280 280 280 283 283 283 283 286 286 286 286 286 286 286 286 287 287 287 287 288 288 288 288 289 289 289 289 289 289 289 289 287 287 287 287 286 286 286
335 327 327 327 327 315 315 315 315 308 308 308 308 303 303 303 303 292 292 292 292 276 276 276 276 268 268 268 268 269 269 269 269 276 276 276 276 278 278 278 278 275 275 275 275 271 271 271 271 272 272 272 272 275 275 275 275 280 280 280 280 283 283 283 283 286 286 286 286 286 286 286 286 287 287 287 287 288 288 288 288 289 289 289 289 289 289 289 289 287 287 287 287 286 286 286
335 327 327 327 327 315 315 315 315 308 308 308 308 303 303 303 303 292 292 292 292 276 276 276 276 268 268 268 268 269 269 269 269 276 276 276 276 278 278 278 278 275 275 275 275 271 271 271 271 272 272 272 272 275 275 275 275 280 280 280 280 283 283 283 283 286 286 286 286 286 286 286 286 287 287 287 287 288 288 288 288 289 289 289 287 286 286 286 286 286 286 286 286 286 286 286
335 327 327 327 327 315 315 315 315 308 308 308 308 303 303 303 303 292 292 292 292 276 276 276 276 268 268 268 268 269 269 269 269 276 276 276 276 278 278 278 278 275 275 275 275 271 271 271 271 272 272 272 272 275 275 283 283 285 285 285 285 286 286 286 286 287 287 287 287 286 286 286 286 286 286 286 286 287 287 287 287 287 287 287 287 286 286 286 286 286 286 286 286 286 286 286
335 327 327 327 327 315 315 315 315 308 308 308 308 303 303 303 303 292 292 292 292 276 276 276 276 268 269 269 269 268 268 268 268 273 273 273 273 278 278 278 278 277 277 277 277 276 276 276 276 279 279 279 279 283 283 283 283 285 285 285 285 286 286 286 286 287 287 287 287 286 286 286 286 286 286 286 286 287 287 287 287 287 287 287 287 286 286 286 286 286 286 286 286 286 286 286
338 331 331 331 331 323 323 323 323 317 317 317 317 309 309 309 309 299 299 299 299 281 281 281 281 269 269 269 269 268 268 268 268 273 273 273 273 278 278 278 278 277 277 277 277 276 276 276 276 279 279 279 279 283 283 283 283 285 285 285 285 286 286 286 286 287 287 287 287 286 286 286 286 286 286 286 286 287 287 287 287 287 287 287 287 286 286 286 286 286 286 286 286 286 286 286
338 331 331 331 331 323 323 323 323 317 317 317 317 309 309 309 309 299 299 299 299 281 281 281 281 269 269 269 269 268 268 268 268 273 273 273 273 278 278 278 278 277 277 277 277 276 276 276 276 279 279 279 279 283 283 283 283 285 285 285 285 286 286 286 286 287 287 287 287 286 286 286 286 286 286 286 286 287 287 287 287 287 287 287 290 290 290 290 290 291 291 291 291 291 291 291
338 331 331 331 331 323 323 323 323 317 317 317 317 309 309 309 309 299 299 299 299 281 281 281 281 269 269 269 269 268 268 268 268 273 273 273 273 278 278 278 278 277 277 277 277 276 276 276 276 279 279 279 279 283 283 292 292 292 292 292 292 291 291 291 291 291 291 291 291 291 291 291 291 289 289 289 289 290 290 290 290 290 290 290 290 290 290 290 290 291 291 291 291 291 291 291
338 331 331 331 331 323 323 323 323 317 317 317 317 309 309 309 309 299 299 299 299 281 281 281 281 269 269 269 269 268 268 268 268 274 274 274 274 282 282 282 282 285 285 285 285 287 287 287 287 290 290 290 290 292 292 292 292 292 292 292 292 291 291 291 291 291 291 291 291 291 291 291 291 289 289 289 289 290 290 290 290 290 290 290 290 290 290 290 290 291 291 291 291 291 291 291
337 330 330 330 330 324 324 324 324 318 318 318 318 305 305 305 305 296 296 296 296 282 282 282 282 269 269 269 269 268 268 268 268 274 274 274 274 282 282 282 282 285 285 285 285 287 287 287 287 290 290 290 290 292 292 292 292 292 292 292 292 291 291 291 291 291 291 291 291 291 291 291 291 289 289 289 289 290 290 290 290 290 290 290 290 290 290 290 290 291 291 291 291 291 291 291
337 330 330 330 330 324 324 324 324 318 318 318 318 305 305 305 305 296 296 296 296 282 282 282 282 269 269 269 269 268 268 268 268 274 274 274 274 282 282 282 282 285 285 285 285 287 287 287 287 290 290 290 290 292 292 292 292 292 292 292 292 291 291 291 291 291 291 291 291 291 291 291 291 289 289 289 289 290 290 290 290 290 290 290 294 294 294 294 294 293 293 293 293 292 292 292
337 330 330 330 330 324 324 324 324 318 318 318 318 305 305 305 305 296 296 296 296 282 282 282 282 269 269 269 269 268 268 268 268 274 274 274 274 282 282 282 282 285 285 285 285 287 287 287 287 290 290 290 290 292 292 298 298 297 297 297 297 296 296 296 296 299 299 299 299 301 301 301 301 299 299 299 299 296 296 296 296 294 294 294 294 294 294 294 294 293 293 293 293 292 292 292
337 330 330 330 330 324 324 324 324 318 318 318 318 305 305 305 305 296 296 296 296 282 282 282 282 269 273 273 273 273 273 273 273 279 279 279 279 288 288 288 288 294 294 294 294 298 298 298 298 299 299 299 299 298 298 298 298 297 297 297 297 296 296 296 296 299 299 299 299 301 301 301 301 299 299 299 299 296 296 296 296 294 294 294 294 294 294 294 294 293 293 293 293 292 292 292
330 320 320 320 320 312 312 312 312 305 305 305 305 294 294 294 294 288 288 288 288 282 282 282 282 273 273 273 273 273 273 273 273 279 279 279 279 288 288 288 288 294 294 294 294 298 298 298 298 299 299 299 299 298 298 298 298 297 297 297 297 296 296 296 296 299 299 299 299 301 301 301 301 299 299 299 299 296 296 296 296 294 294 294 294 294 294 294 294 293 293 293 293 292 292 292
330 320 320 320 320 312 312 312 312 305 305 305 305 294 294 294 294 288 288 288 288 282 282 282 282 273 273 273 273 273 273 273 273 279 279 279 279 288 288 288 288 294 294 294 294 298 298 298 298 299 299 299 299 298 298 298 298 297 297 297 297 296 296 296 296 299 299 299 299 301 301 301 301 299 299 299 299 296 296 296 296 294 294 294 299 298 298 298 298 296 296 296 296 293 293 293
330 320 320 320 320 312 312 312 312 305 305 305 305 294 294 294 294 288 288 288 288 282 282 282 282 273 273 273 273 273 273 273 273 279 279 279 279 288 288 288 288 294 294 294 294 298 298 298 298 299 299 299 299 298 298 305 305 303 303 303 303 303 303 303 303 305 305 305 305 307 307 307 307 305 305 305 305 302 302 302 302 299 299 299 299 298 298 298 298 296 296 296 296 293 293 293
