proyectos/proyecto_grani/grani_ori.asc
ncols       801
nrows       801
xllcorner   268962
yllcorner   5401414
cellsize    30
NODATA_value  -1
[rows 44 to 87 of 801, columns 672 to 767 of 801]
101 78 78 72 72 58 58 9 9 338 338 302 302 281 214 113 113 109 109 116 116 132 132 180 180 171 171 162 162 284 284 76 76 66 66 194 194 221 221 203 203 90 90 56 56 352 352 276 276 233 233 180 180 90 90 45 45 45 30 72 72 315 315 254 254 279 279 283 283 283 266 266 186 186 152 152 169 169 263 263 266 266 269 269 272 272 274 274 274 274 270 270 267 267 269 269
117 87 87 74 74 53 53 351 351 336 336 315 315 214 214 214 113 113 109 109 116 132 132 180 180 171 171 171 162 162 284 284 76 76 66 66 194 194 221 221 203 203 90 204 72 72 11 11 252 252 233 233 297 297 270 270 45 45 45 45 127 127 90 90 323 323 287 287 279 279 248 248 186 186 152 152 169 169 263 263 266 266 269 269 272 272 274 274 274 274 270 270 267 267 269 269
117 117 87 87 74 74 53 53 351 351 336 336 315 315 140 140 111 111 119 119 119 119 130 130 209 209 221 221 270 270 297 297 90 90 83 83 81 81 180 180 208 208 204 204 72 72 11 11 252 252 233 233 297 297 270 270 45 45 45 45 127 127 90 90 323 323 287 287 279 279 248 183 160 160 190 190 235 235 258 258 270 270 269 269 273 273 269 269 267 267 266 266 267 267 267 267
115 115 106 106 96 96 63 63 338 338 321 321 346 346 140 140 111 111 119 119 119 119 130 130 209 209 221 221 270 270 297 297 90 90 83 83 81 81 180 180 208 208 210 210 234 234 135 135 225 225 252 252 304 304 315 315 225 225 77 77 97 97 293 293 307 307 297 297 268 268 183 183 160 160 190 190 235 235 258 258 270 270 269 269 273 273 269 269 267 267 266 266 267 267 267 267
115 115 106 106 96 96 63 63 338 338 321 321 346 346 135 135 119 119 123 123 124 124 117 117 276 276 249 249 277 277 307 307 143 143 135 135 104 104 117 117 171 171 210 210 234 234 135 135 225 225 252 252 304 304 315 315 225 225 77 77 97 97 293 293 307 307 297 297 268 268 183 170 135 135 243 243 273 273 265 265 271 271 272 272 274 274 270 270 268 268 270 270 272 272 270 270
90 90 94 94 90 90 27 27 329 329 315 315 90 90 135 135 119 119 123 123 124 124 117 117 276 276 249 249 277 277 307 307 143 143 135 135 104 104 117 117 171 171 210 236 233 233 225 225 270 270 254 254 248 248 45 45 162 162 112 112 11 11 297 297 240 240 259 259 259 259 170 170 135 135 243 243 273 273 265 265 271 271 272 272 274 274 270 270 268 268 270 270 272 272 270 270
90 90 94 94 90 90 27 27 329 329 315 315 90 90 129 129 127 127 122 122 140 140 329 329 288 288 261 261 270 270 149 149 133 133 172 172 225 225 101 101 141 141 236 236 233 233 225 225 270 270 254 254 248 248 45 45 162 162 112 112 11 11 297 297 240 240 259 259 259 259 170 169 164 164 229 229 260 260 280 280 270 270 278 278 278 278 277 277 275 275 274 274 272 272 270 270
72 72 74 74 59 59 14 14 342 342 153 153 118 118 129 129 127 127 122 122 140 140 329 329 288 288 261 261 270 270 149 149 133 133 172 172 225 225 101 101 141 141 236 243 249 249 248 248 270 270 243 243 234 234 180 180 135 135 153 153 90 90 217 217 216 216 247 247 245 245 169 169 164 164 229 229 260 260 280 280 270 270 278 278 278 278 277 277 275 275 274 274 272 272 270 270
72 72 74 74 59 59 14 14 342 342 153 153 118 118 127 127 126 126 116 116 202 202 262 262 288 288 261 261 270 270 120 120 104 104 270 270 243 243 117 117 146 146 243 243 249 249 248 248 270 270 243 243 234 234 180 180 135 135 153 153 90 90 217 217 216 216 247 247 245 245 169 169 160 160 230 230 261 261 281 281 278 278 279 279 278 278 279 279 278 278 274 274 267 267 266 266
63 63 57 57 35 35 27 27 90 90 135 135 125 125 127 127 126 126 116 116 202 202 262 262 288 288 261 261 270 270 120 120 104 104 270 270 243 243 117 117 146 146 243 257 241 241 252 252 270 270 243 243 252 252 191 191 146 146 135 135 149 149 207 207 236 236 250 250 225 225 164 164 160 160 230 230 261 261 281 281 278 278 279 279 278 278 279 279 278 278 274 274 267 267 266 266
63 63 57 57 35 35 27 27 90 90 135 135 125 125 123 123 117 117 93 93 270 270 252 252 261 261 292 292 270 270 32 32 58 58 90 90 63 63 90 90 104 104 257 257 241 241 252 252 270 270 243 243 252 252 191 191 146 146 135 135 149 149 207 207 236 236 250 250 225 225 164 164 187 187 270 270 276 276 277 277 279 279 272 272 270 270 271 271 273 273 269 269 266 266 265 265
54 54 45 45 37 37 58 58 85 85 128 128 125 125 123 123 117 117 93 93 270 270 252 252 261 261 292 292 270 270 32 32 58 58 90 90 63 63 90 90 104 104 257 243 233 233 264 264 217 217 225 225 236 236 174 174 180 180 135 135 127 127 243 243 262 262 229 229 192 192 159 159 187 187 270 270 276 276 277 277 279 279 272 272 270 270 271 271 273 273 269 269 266 266 265 265
54 54 45 45 37 37 58 58 85 85 128 128 125 125 114 114 102 102 73 73 90 90 230 230 238 238 286 286 287 287 45 45 70 70 22 22 56 56 63 63 41 41 243 243 233 233 264 264 217 217 225 225 236 236 174 174 180 180 135 135 127 127 243 243 262 262 229 229 192 192 159 159 246 246 283 283 282 282 289 289 279 279 270 270 268 268 263 263 261 261 260 260 264 264 266 266
54 54 51 51 57 57 74 74 95 95 123 123 126 126 114 114 102 102 73 73 90 90 230 230 238 238 286 286 287 287 45 45 70 70 22 22 56 56 63 63 41 41 243 117 236 236 243 243 194 194 243 243 146 146 158 158 216 216 198 198 135 135 259 259 198 198 166 166 187 187 189 189 246 246 283 283 282 282 289 289 279 279 270 270 268 268 263 263 261 261 260 260 264 264 266 266
54 54 51 51 57 57 74 74 95 95 123 123 126 126 118 118 107 107 90 90 98 98 193 193 249 249 266 266 315 315 150 150 112 112 34 34 124 124 101 101 66 66 117 117 236 236 243 243 194 194 243 243 146 146 158 158 216 216 198 198 135 135 259 259 198 198 166 166 187 187 189 189 251 251 272 272 288 288 291 291 283 283 276 276 271 271 262 262 257 257 256 256 261 261 269 269
60 60 69 69 82 82 95 95 110 110 118 118 125 125 118 118 107 107 90 90 98 98 193 193 249 249 266 266 315 315 150 150 112 112 34 34 124 124 101 101 66 66 117 58 225 225 233 233 270 270 315 315 112 112 129 129 247 247 214 214 135 135 180 180 180 180 165 165 172 172 210 210 251 251 272 272 288 288 291 291 283 283 276 276 271 271 262 262 257 257 256 256 261 261 269 269
60 60 69 69 82 82 95 95 110 110 118 118 125 125 123 123 124 124 117 117 128 128 198 198 256 256 267 267 315 315 63 63 153 153 63 63 135 135 164 164 74 74 58 58 225 225 233 233 270 270 315 315 112 112 129 129 247 247 214 214 135 135 180 180 180 180 165 165 172 172 210 210 248 248 268 268 283 283 280 280 285 285 279 279 274 274 269 269 267 267 264 264 265 265 269 269
66 66 80 80 90 90 103 103 110 110 108 108 112 112 123 123 124 124 117 117 128 128 198 198 256 256 267 267 315 315 63 63 153 153 63 63 135 135 164 164 74 74 58 45 40 40 262 262 279 279 342 342 103 103 79 79 288 288 198 198 153 153 124 124 126 126 159 159 184 184 222 222 248 248 268 268 283 283 280 280 285 285 279 279 274 274 269 269 267 267 264 264 265 265 269 269
66 66 80 80 90 90 103 103 110 110 108 108 112 112 101 101 124 124 108 108 131 131 239 239 257 257 281 281 275 275 32 32 39 39 74 74 105 105 243 243 339 339 45 45 40 40 262 262 279 279 342 342 103 103 79 79 288 288 198 198 153 153 124 124 126 126 159 159 184 184 222 222 270 270 285 285 272 272 269 269 276 276 274 274 276 276 278 278 276 276 271 271 268 268 267 267
76 76 90 90 95 95 100 100 98 98 87 87 92 92 101 101 124 124 108 108 131 131 239 239 257 257 281 281 275 275 32 32 39 39 74 74 105 105 243 243 339 339 45 38 25 25 332 332 298 298 14 14 101 101 27 27 90 90 164 164 198 198 153 153 86 86 124 124 207 207 256 256 270 270 285 285 272 272 269 269 276 276 274 274 276 276 278 278 276 276 271 271 268 268 267 267
76 76 90 90 95 95 100 100 98 98 87 87 92 92 96 96 112 112 85 85 97 97 259 259 263 263 277 277 263 263 90 90 49 49 69 69 51 51 323 323 333 333 38 38 25 25 332 332 298 298 14 14 101 101 27 27 90 90 164 164 198 198 153 153 86 86 124 124 207 207 256 256 287 287 292 292 275 275 270 270 273 273 270 270 274 274 277 277 274 274 270 270 270 270 268 268
85 85 101 101 108 108 105 105 96 96 90 90 94 94 96 96 112 112 85 85 97 97 259 259 263 263 277 277 263 263 90 90 49 49 69 69 51 51 323 323 333 333 38 56 11 11 345 345 342 342 74 74 95 95 90 90 135 135 129 129 180 180 207 207 108 108 68 68 304 304 295 295 287 287 292 292 275 275 270 270 273 273 270 270 274 274 277 277 274 274 270 270 270 270 268 268
85 85 101 101 108 108 105 105 96 96 90 90 94 94 106 106 72 72 66 66 68 68 288 288 270 270 267 267 261 261 200 200 94 94 90 90 68 68 308 308 336 336 56 56 11 11 345 345 342 342 74 74 95 95 90 90 135 135 129 129 180 180 207 207 108 108 68 68 304 304 295 295 293 293 288 288 283 283 280 280 279 279 279 279 278 278 278 278 276 276 274 274 275 275 277 277
91 91 99 99 115 115 125 125 126 126 121 121 110 110 106 106 72 72 66 66 68 68 288 288 270 270 267 267 261 261 200 200 94 94 90 90 68 68 308 308 336 336 56 153 333 333 90 90 90 90 83 83 90 90 90 90 104 104 90 90 146 146 171 171 180 180 36 36 333 333 303 303 293 293 288 288 283 283 280 280 279 279 279 279 278 278 278 278 276 276 274 274 275 275 277 277
91 91 99 99 115 115 125 125 126 126 121 121 110 110 145 145 27 27 56 56 48 48 352 352 291 291 270 270 252 252 186 186 174 174 107 107 141 141 281 281 243 243 153 153 333 333 90 90 90 90 83 83 90 90 90 90 104 104 90 90 146 146 171 171 180 180 36 36 333 333 303 303 286 286 283 283 281 281 280 280 280 280 287 287 281 281 281 281 280 280 279 279 277 277 280 280
101 101 97 97 106 106 124 124 131 131 137 137 135 135 145 145 27 27 56 56 48 48 352 352 291 291 270 270 252 252 186 186 174 174 107 107 141 141 281 281 243 243 153 146 225 225 225 225 270 270 90 90 85 85 72 72 90 90 74 74 130 130 180 180 270 270 315 315 310 310 292 292 286 286 283 283 281 281 280 280 280 280 287 287 281 281 281 281 280 280 279 279 277 277 280 280
101 101 97 97 106 106 124 124 131 131 137 137 135 135 169 169 235 235 11 11 42 42 354 354 298 298 270 270 315 315 90 90 189 189 90 90 297 297 306 306 131 131 146 146 225 225 225 225 270 270 90 90 85 85 72 72 90 90 74 74 130 130 180 180 270 270 315 315 310 310 292 292 279 279 281 281 284 284 281 281 279 279 285 285 286 286 287 287 287 287 284 284 277 277 275 275
104 104 100 100 99 99 109 109 115 115 121 121 120 120 169 169 235 235 11 11 42 42 354 354 298 298 270 270 315 315 90 90 189 189 90 90 297 297 306 306 131 131 146 27 236 236 256 256 270 270 90 90 70 70 53 53 90 90 84 84 104 104 256 256 297 297 336 336 315 315 290 290 279 279 281 281 284 284 281 281 279 279 285 285 286 286 287 287 287 287 284 284 277 277 275 275
104 104 100 100 99 99 109 109 115 115 121 121 120 120 106 106 240 240 270 270 67 67 45 45 275 275 279 279 323 323 40 40 162 162 90 90 284 284 276 276 111 111 27 27 236 236 256 256 270 270 90 90 70 70 53 53 90 90 84 84 104 104 256 256 297 297 336 336 315 315 290 290 293 293 284 284 290 290 285 285 280 280 277 277 284 284 286 286 288 288 287 287 282 282 273 273
105 105 108 108 107 107 103 103 109 109 114 114 104 104 106 106 240 240 270 270 67 67 45 45 275 275 279 279 323 323 40 40 162 162 90 90 284 284 276 276 111 111 27 37 117 117 252 252 307 307 79 79 61 61 61 67 101 101 103 103 97 97 236 236 253 253 253 294 294 318 318 304 304 293 293 284 284 290 290 285 285 280 280 277 277 284 284 286 286 288 288 287 287 282 282 273
105 105 108 108 107 107 107 103 103 109 109 114 104 104 49 49 256 256 259 259 259 90 90 135 135 274 274 281 281 315 315 58 58 135 135 117 117 323 323 262 262 117 117 37 37 117 117 252 252 307 307 79 79 61 61 67 67 101 101 103 103 97 97 236 236 253 253 294 294 318 318 304 279 293 293 282 282 286 286 286 286 281 281 273 273 275 275 274 274 278 278 281 281 279 279 270
112 115 115 119 119 118 118 104 104 103 103 100 100 98 98 49 49 256 256 259 259 90 90 135 135 274 274 281 281 315 315 58 58 135 135 117 117 323 323 262 262 117 117 108 108 90 90 256 256 293 293 68 68 90 90 84 84 97 97 96 96 112 112 180 180 227 227 237 237 252 252 279 279 293 293 282 282 286 286 286 286 281 281 273 273 275 275 274 274 278 278 281 281 279 279 270
112 115 115 119 119 118 118 104 104 103 103 100 100 98 53 52 52 261 261 250 250 117 117 90 90 277 277 273 273 286 286 86 86 119 119 252 252 326 326 256 256 124 124 108 108 90 90 256 256 293 293 68 68 90 90 84 84 97 97 96 96 112 112 180 180 227 227 237 237 252 252 279 282 276 276 277 277 280 280 286 286 283 283 278 278 277 277 274 274 277 277 280 280 275 275 271
115 115 115 118 118 121 121 100 100 79 79 61 61 53 53 52 52 261 261 250 250 117 117 90 90 277 277 273 273 286 286 86 86 119 119 252 252 326 326 256 256 124 124 153 153 72 72 283 283 270 270 63 63 96 96 83 83 82 82 81 81 106 106 143 143 219 219 228 228 243 243 282 282 276 276 277 277 280 280 286 286 283 283 278 278 277 277 274 274 277 277 280 280 275 275 271
115 115 115 118 118 121 121 100 100 79 79 61 61 53 72 95 95 270 270 229 229 158 158 256 256 278 278 270 270 239 239 90 90 74 74 246 246 323 323 45 45 117 117 153 153 72 72 283 283 270 270 63 63 96 96 83 83 82 82 81 81 106 106 143 143 219 219 228 228 243 243 282 289 282 282 279 279 278 278 282 282 285 285 286 286 286 286 286 286 285 285 284 284 280 280 276
117 112 112 111 111 119 119 117 117 98 98 72 72 72 72 95 95 270 270 229 229 158 158 256 256 278 278 270 270 239 239 90 90 74 74 246 246 323 323 45 45 117 117 175 175 187 187 221 221 232 232 81 81 76 76 97 97 60 60 75 75 87 87 85 85 261 261 257 257 271 271 289 289 282 282 279 279 278 278 282 282 285 285 286 286 286 286 286 286 285 285 284 284 280 280 276
117 112 112 111 111 119 119 117 117 98 98 72 72 72 108 100 100 90 90 221 221 180 180 254 254 270 270 265 265 240 240 96 96 86 86 209 209 299 299 7 7 81 81 175 175 187 187 221 221 232 232 81 81 76 76 97 97 60 60 75 75 87 87 85 85 261 261 257 257 271 271 289 290 292 292 284 284 278 278 281 281 286 286 288 288 287 287 292 292 288 288 284 284 285 285 282
114 110 110 114 114 128 128 137 137 146 146 106 106 108 108 100 100 90 90 221 221 180 180 254 254 270 270 265 265 240 240 96 96 86 86 209 209 299 299 7 7 81 81 138 138 186 186 225 225 257 257 193 193 113 113 106 106 27 27 68 68 61 61 32 32 336 336 308 308 292 292 290 290 292 292 284 284 278 278 281 281 286 286 288 288 287 287 292 292 288 288 284 284 285 285 282
114 110 110 114 114 128 128 137 137 146 146 106 106 108 108 72 72 39 39 225 225 211 211 270 270 256 256 261 261 248 248 115 115 101 101 253 253 270 270 40 40 93 93 138 138 186 186 225 225 257 257 193 193 113 113 106 106 27 27 68 68 61 61 32 32 336 336 308 308 292 292 290 293 297 297 291 291 283 283 284 284 287 287 289 289 284 284 282 282 280 280 273 273 277 277 283
115 112 112 114 114 126 126 141 141 169 169 153 153 135 135 72 72 39 39 225 225 211 211 270 270 256 256 261 261 248 248 115 115 101 101 253 253 270 270 40 40 93 93 90 90 243 243 275 275 276 276 135 135 144 144 207 207 315 315 53 53 39 39 17 17 333 333 316 316 298 298 293 293 297 297 291 291 283 283 284 284 287 287 289 289 284 284 282 282 280 280 273 273 277 277 283
115 112 112 114 114 126 126 141 141 169 169 153 153 135 135 90 90 45 45 53 53 243 243 270 270 255 255 262 262 252 252 90 90 85 85 277 277 250 250 153 153 97 97 90 90 243 243 275 275 276 276 135 135 144 144 207 207 315 315 53 53 39 39 17 17 333 333 316 316 298 298 293 288 295 295 294 294 287 287 284 284 284 284 285 285 281 281 270 270 269 269 269 269 271 271 275
119 114 114 105 105 86 86 90 90 146 146 163 163 169 169 90 90 45 45 53 53 243 243 270 270 255 255 262 262 252 252 90 90 85 85 277 277 250 250 153 153 97 97 90 90 214 214 265 265 264 264 81 81 82 82 270 270 304 304 90 90 22 22 6 6 328 328 307 307 300 300 288 288 295 295 294 294 287 287 284 284 284 284 285 285 281 281 270 270 269 269 269 269 271 271 275
119 114 114 105 105 86 86 90 90 146 146 163 163 169 225 270 270 45 45 45 45 90 90 259 259 262 262 266 266 270 270 80 80 90 90 281 281 255 255 169 169 96 96 90 90 214 214 265 265 264 264 81 81 82 82 270 270 304 304 90 90 22 22 6 6 328 328 307 307 300 300 288 285 287 287 290 290 285 285 279 279 274 274 271 271 271 271 271 271 274 274 278 278 274 274 271
125 122 122 92 92 68 68 86 86 104 104 166 166 225 225 270 270 45 45 45 45 90 90 259 259 262 262 266 266 270 270 80 80 90 90 281 281 255 255 169 169 96 96 101 101 191 191 254 254 247 247 68 68 72 72 297 297 311 311 339 339 5 5 355 355 330 330 297 297 295 295 285 285 287 287 290 290 285 285 279 279 274 274 271 271 271 271 271 271 274 274 278 278 274 274 271
