proyectos/proyecto_grani/grani_ori.asc
ncols       801
nrows       801
xllcorner   268962
yllcorner   5401414
cellsize    30
NODATA_value  -1
[rows 396 to 439 of 801, columns 96 to 191 of 801]
51 53 53 63 63 69 69 63 63 59 59 64 64 59 59 50 50 36 36 23 23 21 21 21 21 26 26 27 27 20 20 16 16 16 16 13 13 11 11 21 21 28 28 47 47 52 52 50 50 51 51 23 23 31 31 48 48 57 57 51 51 41 41 36 36 41 41 52 52 53 53 40 40 90 90 236 236 193 193 203 203 208 208 207 207 211 211 219 219 218 218 212 212 214 214 217
32 40 40 55 55 63 63 53 53 50 50 59 59 48 48 35 35 24 24 23 23 21 21 21 21 26 26 27 27 20 20 16 16 16 16 13 13 11 11 21 21 28 28 47 47 52 52 50 49 43 43 19 19 28 28 38 38 36 36 27 27 26 26 27 27 34 34 37 37 40 40 36 36 56 56 166 166 193 193 203 203 208 208 207 207 211 211 219 219 218 218 212 212 214 214 217
32 40 40 55 55 63 63 53 53 50 50 59 59 48 48 35 35 24 24 19 19 12 12 16 16 24 24 26 26 22 22 20 20 19 19 17 17 11 11 16 16 26 26 53 53 53 53 49 49 43 43 19 19 28 28 38 38 36 36 27 27 26 26 27 27 34 34 37 37 40 40 36 36 56 56 166 166 143 143 190 190 208 208 217 217 225 225 229 229 217 217 217 217 219 219 221
16 32 32 51 51 61 61 53 53 55 55 54 54 36 36 29 29 25 25 19 19 12 12 16 16 24 24 26 26 22 22 20 20 19 19 17 17 11 11 16 16 26 26 53 53 53 53 49 50 40 40 20 20 28 28 28 28 20 20 17 17 22 22 27 27 33 33 32 32 35 35 36 36 50 50 73 73 143 143 190 190 208 208 217 217 225 225 229 229 217 217 217 217 219 219 221
16 32 32 51 51 61 61 53 53 55 55 54 54 36 36 29 29 25 25 17 17 18 18 23 23 27 27 26 26 24 24 22 22 23 23 20 20 12 12 18 18 32 32 56 56 52 52 50 50 40 40 20 20 28 28 28 28 20 20 17 17 22 22 27 27 33 33 32 32 35 35 36 36 50 50 73 73 41 41 53 53 236 236 228 228 236 236 248 248 248 248 243 243 248 248 238
339 16 16 48 48 57 57 50 50 48 48 40 40 28 28 24 24 19 19 17 17 18 18 23 23 27 27 26 26 24 24 22 22 23 23 20 20 12 12 18 18 32 32 56 56 52 52 50 55 37 37 23 23 24 24 20 20 15 15 17 17 25 25 34 34 39 39 33 33 32 32 35 35 45 45 46 46 41 41 53 53 236 236 228 228 236 236 248 248 248 248 243 243 248 248 238
339 16 16 48 48 57 57 50 50 48 48 40 40 28 28 24 24 19 19 24 24 27 27 29 29 28 28 26 26 24 24 23 23 22 22 20 20 20 20 26 26 39 39 53 53 57 57 55 55 37 37 23 23 24 24 20 20 15 15 17 17 25 25 34 34 39 39 33 33 32 32 35 35 45 45 46 46 32 32 36 36 20 20 259 259 258 258 253 253 270 270 300 300 299 299 290
322 350 350 49 49 52 52 41 41 37 37 34 34 25 25 22 22 20 20 24 24 27 27 29 29 28 28 26 26 24 24 23 23 22 22 20 20 20 20 26 26 39 39 53 53 57 57 55 47 39 39 25 25 19 19 20 20 22 22 24 24 31 31 43 43 45 45 36 36 35 35 36 36 43 43 37 37 32 32 36 36 20 20 259 259 258 258 253 253 270 270 300 300 299 299 290
322 350 350 49 49 52 52 41 41 37 37 34 34 25 25 22 22 20 20 24 25 29 29 30 30 27 27 26 26 25 25 21 21 19 19 23 23 26 26 35 35 40 40 50 50 52 52 47 47 39 39 25 25 19 19 20 20 20 22 22 24 24 31 31 43 43 45 45 36 36 35 35 36 36 43 43 37 35 34 34 40 40 35 35 40 40 270 270 253 253 266 266 294 294 305 305
306 337 337 61 61 46 46 32 32 34 34 33 33 28 28 28 28 28 24 24 25 25 29 29 30 30 27 27 26 26 25 25 21 21 19 19 23 23 26 26 35 35 40 40 50 50 52 52 42 42 43 43 24 24 22 22 30 30 33 33 29 29 36 36 46 46 45 45 42 42 43 43 39 39 41 41 35 35 34 34 40 40 35 35 40 40 270 270 253 253 266 266 294 294 305 305
306 306 337 337 61 61 46 46 32 32 34 34 33 33 28 28 28 28 24 24 26 26 28 28 29 29 25 25 26 26 28 28 21 21 17 17 23 23 30 30 37 37 31 31 41 41 39 39 42 42 43 43 24 24 22 22 30 30 33 33 29 29 36 36 46 46 45 45 42 42 43 43 39 39 41 41 35 39 42 42 50 50 53 53 78 78 270 270 256 256 256 256 270 270 285 285
238 238 203 203 108 108 28 28 19 19 29 29 29 29 27 27 28 28 25 25 26 26 28 28 29 29 25 25 26 26 28 28 21 21 17 17 23 23 30 30 37 37 31 31 41 41 39 39 48 48 48 48 34 34 37 37 37 37 34 34 25 25 29 29 41 41 43 43 46 46 49 49 36 36 41 41 39 39 42 42 50 50 53 53 78 78 270 270 256 256 256 256 270 270 285 285
238 238 203 203 108 108 28 28 19 19 29 29 29 29 27 27 28 28 25 25 33 33 29 29 28 28 24 24 25 25 20 20 14 14 17 17 24 24 31 31 33 33 28 28 30 30 31 31 48 48 48 48 34 34 37 37 37 37 34 34 25 25 29 29 41 41 43 43 46 46 49 49 36 36 41 41 39 44 53 53 61 61 68 68 69 69 214 214 232 232 238 238 239 239 243 243
215 215 214 214 252 252 319 319 349 349 17 17 22 22 26 26 29 29 32 32 33 33 29 29 28 28 24 24 25 25 20 20 14 14 17 17 24 24 31 31 33 33 28 28 30 30 31 31 48 59 52 52 43 43 41 41 37 37 29 29 19 19 25 25 37 37 42 42 46 46 46 46 34 34 41 41 44 44 53 53 61 61 68 68 69 69 214 214 232 232 238 238 239 239 243 243
215 215 214 214 252 252 319 319 349 349 17 17 22 22 26 26 29 29 32 32 37 37 28 28 23 23 20 20 20 20 17 17 15 15 16 16 21 21 29 29 33 33 27 27 24 24 40 40 59 59 52 52 43 43 41 41 37 37 29 29 19 19 25 25 37 37 42 42 46 46 46 46 34 34 41 41 44 58 63 63 67 67 67 67 65 65 81 81 209 209 221 221 219 219 225 225
212 212 229 229 255 255 294 294 326 326 353 353 14 14 29 29 35 35 37 37 37 37 28 28 23 23 20 20 20 20 17 17 15 15 16 16 21 21 29 29 33 33 27 27 24 24 40 40 59 58 52 52 45 45 40 40 33 33 31 31 30 30 27 27 38 38 40 40 44 44 43 43 37 37 51 51 58 58 63 63 67 67 67 67 65 65 81 81 209 209 221 221 219 219 225 225
212 212 229 229 255 255 294 294 326 326 353 353 14 14 29 29 35 35 37 37 38 38 25 25 20 20 21 21 22 22 21 21 18 18 16 16 20 20 30 30 35 35 27 27 30 30 50 50 58 58 52 52 45 45 40 40 33 33 31 31 30 30 27 27 38 38 40 40 44 44 43 43 37 37 51 51 58 75 74 74 73 73 69 69 76 76 58 58 98 98 207 207 208 208 219 219
217 217 236 236 255 255 285 285 313 313 346 346 14 14 35 35 40 40 42 42 38 38 25 25 20 20 21 21 22 22 21 21 18 18 16 16 20 20 30 30 35 35 27 27 30 30 50 50 58 53 46 46 41 41 38 38 30 30 35 35 40 40 45 45 43 43 41 41 51 51 45 45 47 47 61 61 75 75 74 74 73 73 69 69 76 76 58 58 98 98 207 207 208 208 219 219
217 217 236 236 255 255 285 285 313 313 346 346 14 14 35 35 40 40 42 42 34 34 23 23 27 27 30 30 24 24 19 19 20 20 20 20 20 20 28 28 36 36 30 30 34 34 50 50 53 53 46 46 41 41 38 38 30 30 35 35 40 40 45 45 43 43 41 41 51 51 45 45 47 47 61 61 75 75 72 72 71 71 72 72 64 64 43 43 43 43 29 29 162 162 225 225
227 227 245 245 262 262 279 279 294 294 333 333 16 16 40 40 43 43 44 44 34 34 23 23 27 27 30 30 24 24 19 19 20 20 20 20 20 20 28 28 36 36 30 30 34 34 50 50 53 49 46 46 42 42 40 40 32 32 42 42 45 45 53 53 60 60 97 97 82 82 57 57 60 60 69 69 73 73 72 72 71 71 72 72 64 64 43 43 43 43 29 29 162 162 225 225
227 227 245 245 262 262 279 279 294 294 333 333 16 16 40 40 43 43 44 44 28 28 29 29 36 36 31 31 24 24 20 20 19 19 18 18 18 18 22 22 30 30 29 29 34 34 50 50 49 49 46 46 42 42 40 40 32 32 42 42 45 45 53 53 60 60 97 97 82 82 57 57 60 60 69 69 73 73 63 63 63 63 57 57 39 39 29 29 27 27 27 27 33 33 5 5
244 244 256 256 264 264 271 271 280 280 309 309 1 1 34 34 37 37 34 34 28 28 29 29 36 36 31 31 24 24 20 20 19 19 18 18 18 18 22 22 30 30 29 29 34 34 50 50 49 52 50 50 44 44 41 41 40 40 44 44 45 45 53 53 59 59 85 85 112 112 92 92 77 77 75 75 66 66 63 63 63 63 57 57 39 39 29 29 27 27 27 27 33 33 5 5
244 244 256 256 264 264 271 271 280 280 309 309 1 1 34 34 37 37 34 34 31 31 36 36 41 41 32 32 23 23 15 15 15 15 17 17 14 14 18 18 30 30 31 31 45 45 55 55 52 52 50 50 44 44 41 41 40 40 44 44 45 45 53 53 59 59 85 85 112 112 92 92 77 77 75 75 66 66 55 55 50 50 38 38 24 24 20 20 24 24 32 32 35 35 23 23
257 257 260 260 266 266 269 269 277 277 298 298 340 340 23 23 29 29 30 30 31 31 36 36 41 41 32 32 23 23 15 15 15 15 17 17 14 14 18 18 30 30 31 31 45 45 55 55 52 57 70 70 58 58 51 51 47 47 42 42 43 43 51 51 59 59 70 70 79 79 97 97 88 88 75 75 63 63 55 55 50 50 38 38 24 24 20 20 24 24 32 32 35 35 23 23
257 257 260 260 266 266 269 269 277 277 298 298 340 340 23 23 29 29 30 30 34 34 38 38 40 40 29 29 18 18 11 11 11 11 14 14 16 16 23 23 36 36 39 39 50 50 55 55 57 57 70 70 58 58 51 51 47 47 42 42 43 43 51 51 59 59 70 70 79 79 97 97 88 88 75 75 63 63 48 48 40 40 32 32 24 24 19 19 32 32 44 44 39 39 37 37
255 255 264 264 271 271 273 273 275 275 287 287 320 320 12 12 24 24 32 32 34 34 38 38 40 40 29 29 18 18 11 11 11 11 14 14 16 16 23 23 36 36 39 39 50 50 55 55 57 59 75 75 66 66 53 53 44 44 41 41 46 46 57 57 59 59 63 63 58 58 70 70 80 80 72 72 58 58 48 48 40 40 32 32 24 24 19 19 32 32 44 44 39 39 37 37
255 255 264 264 271 271 273 273 275 275 287 287 320 320 12 12 24 24 32 32 32 32 39 39 35 35 21 21 13 13 13 13 16 16 18 18 23 23 30 30 41 41 38 38 52 52 55 55 59 59 75 75 66 66 53 53 44 44 41 41 46 46 57 57 59 59 63 63 58 58 70 70 80 80 72 72 58 58 42 42 37 37 37 37 42 42 38 38 55 55 60 60 50 50 57 57
256 256 272 272 274 274 274 274 280 280 276 276 298 298 351 351 17 17 31 31 32 32 39 39 35 35 21 21 13 13 13 13 16 16 18 18 23 23 30 30 41 41 38 38 52 52 55 55 59 55 56 56 44 44 36 36 37 37 42 42 54 54 68 68 59 59 55 55 49 49 57 57 64 64 65 65 50 50 42 42 37 37 37 37 42 42 38 38 55 55 60 60 50 50 57 57
256 256 272 272 274 274 274 274 280 280 276 276 298 298 351 351 17 17 31 31 29 29 33 33 30 30 20 20 14 14 19 19 23 23 24 24 27 27 30 30 39 39 34 34 46 46 47 47 55 55 56 56 44 44 36 36 37 37 42 42 54 54 68 68 59 59 55 55 49 49 57 57 64 64 65 65 50 50 46 46 47 47 55 55 64 64 61 61 73 73 75 75 77 77 80 80
267 267 276 276 276 276 269 269 277 277 271 271 284 284 323 323 4 4 26 26 29 29 33 33 30 30 20 20 14 14 19 19 23 23 24 24 27 27 30 30 39 39 34 34 46 46 47 47 55 60 56 56 45 45 43 43 46 46 52 52 67 67 75 75 66 66 58 58 58 58 61 61 62 62 63 63 51 51 46 46 47 47 55 55 64 64 61 61 73 73 75 75 77 77 80 80
267 267 276 276 276 276 269 269 277 277 271 271 284 284 323 323 4 4 26 26 32 32 38 38 35 35 25 25 23 23 27 27 30 30 34 34 35 35 36 36 44 44 37 37 48 48 50 50 60 60 56 56 45 45 43 43 46 46 52 52 67 67 75 75 66 66 58 58 58 58 61 61 62 62 63 63 51 51 45 45 53 53 71 71 63 63 58 58 73 73 76 76 84 84 92 92
271 271 275 275 271 271 265 265 267 267 268 268 272 272 286 286 336 336 22 22 32 32 38 38 35 35 25 25 23 23 27 27 30 30 34 34 35 35 36 36 44 44 37 37 48 48 50 50 60 64 53 53 46 46 47 47 49 49 57 57 64 64 64 64 67 67 62 62 62 62 56 56 50 50 53 53 45 45 45 45 53 53 71 71 63 63 58 58 73 73 76 76 84 84 92 92
271 271 275 275 271 271 265 265 267 267 268 268 272 272 286 286 336 336 22 22 40 40 46 46 38 38 31 31 27 27 32 32 33 33 34 34 30 30 31 31 36 36 34 34 45 45 53 53 64 64 53 53 46 46 47 47 49 49 57 57 64 64 64 64 67 67 62 62 62 62 56 56 50 50 53 53 45 45 44 44 57 57 66 66 48 48 49 49 63 63 68 68 74 74 84 84
266 266 267 267 262 262 266 266 267 267 263 263 260 260 258 258 308 308 25 25 40 40 46 46 38 38 31 31 27 27 32 32 33 33 34 34 30 30 31 31 36 36 34 34 45 45 53 53 64 48 43 43 44 44 49 49 44 44 48 48 53 53 51 51 47 47 48 48 49 49 43 43 42 42 46 46 39 39 44 44 57 57 66 66 48 48 49 49 63 63 68 68 74 74 84 84
266 266 267 267 262 262 266 266 267 267 263 263 260 260 258 258 308 308 25 25 31 31 27 27 23 23 24 24 22 22 24 24 22 22 21 21 18 18 23 23 34 34 34 34 43 43 47 47 48 48 43 43 44 44 49 49 44 44 48 48 53 53 51 51 47 47 48 48 49 49 43 43 42 42 46 46 39 39 51 51 58 58 52 52 39 39 45 45 55 55 56 56 60 60 66 66
253 253 254 254 261 261 270 270 265 265 256 256 257 257 255 255 284 284 9 9 31 31 27 27 23 23 24 24 22 22 24 24 22 22 21 21 18 18 23 23 34 34 34 34 43 43 47 47 48 41 42 42 46 46 46 46 42 42 43 43 44 44 44 44 40 40 44 44 46 46 46 46 44 44 48 48 46 46 51 51 58 58 52 52 39 39 45 45 55 55 56 56 60 60 66 66
253 253 254 254 261 261 270 270 265 265 256 256 257 257 255 255 284 284 9 9 13 13 13 13 19 19 28 28 25 25 17 17 14 14 17 17 17 17 29 29 42 42 40 40 50 50 44 44 41 41 42 42 46 46 46 46 42 42 43 43 44 44 44 44 40 40 44 44 46 46 46 46 44 44 48 48 46 46 49 49 52 52 43 43 34 34 43 43 49 49 47 47 49 49 51 51
243 243 248 248 260 260 273 273 265 265 257 257 260 260 265 265 268 268 270 270 13 13 13 13 19 19 28 28 25 25 17 17 14 14 17 17 17 17 29 29 42 42 40 40 50 50 50 44 44 36 36 39 39 47 47 49 49 53 53 45 45 43 43 38 38 41 41 51 51 52 52 50 50 48 48 51 51 47 47 49 49 52 52 43 43 34 34 43 43 49 49 47 47 49 49 51
244 243 243 248 248 260 260 273 273 265 265 257 257 260 260 265 265 268 268 270 216 243 243 300 300 5 5 38 38 26 26 9 9 9 9 18 18 24 24 37 37 46 46 48 48 51 51 36 36 36 36 39 39 47 47 49 49 53 53 45 45 43 43 38 38 41 41 51 51 52 52 50 50 48 48 51 51 47 45 46 46 48 48 42 42 36 36 44 44 47 47 43 43 39 39 37
229 240 240 247 247 258 258 267 267 267 267 261 261 259 259 268 268 248 248 216 216 243 243 300 300 5 5 38 38 26 26 9 9 9 9 18 18 24 24 37 37 46 46 48 48 51 51 36 36 37 37 41 41 56 56 60 60 56 56 46 46 39 39 40 40 54 54 60 60 56 56 55 55 51 51 52 52 45 45 46 46 48 48 42 42 36 36 44 44 47 47 43 43 39 39 37
229 240 240 247 247 258 258 267 267 267 267 261 261 259 259 268 268 248 248 216 216 221 221 218 218 209 209 45 45 9 9 5 5 9 9 26 26 34 34 43 43 53 53 55 55 51 51 39 39 37 37 41 41 56 56 60 60 56 56 46 46 39 39 40 40 54 54 60 60 56 56 55 55 51 51 52 52 45 39 42 42 54 54 44 44 38 38 44 44 45 45 40 40 32 32 28
222 238 238 251 251 261 261 264 264 266 266 260 260 254 254 252 252 234 234 216 216 221 221 218 218 209 209 45 45 9 9 5 5 9 9 26 26 34 34 43 43 53 53 55 55 51 51 39 39 41 41 48 48 59 59 55 55 49 49 46 46 40 40 50 50 60 60 63 63 59 59 56 56 51 51 51 51 39 39 42 42 54 54 44 44 38 38 44 44 45 45 40 40 32 32 28
222 238 238 251 251 261 261 264 264 266 266 260 260 254 254 252 252 234 234 216 207 203 203 206 206 212 212 219 219 256 256 323 323 11 11 45 45 47 47 56 56 69 69 73 73 64 64 41 41 41 41 48 48 59 59 55 55 49 49 46 46 40 40 50 50 60 60 63 63 59 59 56 56 51 51 51 51 39 32 47 47 53 53 42 42 45 45 51 51 49 49 43 43 36 36 35
225 243 243 257 257 263 263 272 272 259 259 253 253 250 250 240 240 229 229 207 207 203 203 206 206 212 212 219 219 256 256 323 323 11 11 45 45 47 47 56 56 69 69 73 73 64 64 41 41 48 48 51 51 56 56 53 53 50 50 52 52 50 50 55 55 64 64 65 65 59 59 52 52 46 46 44 44 32 32 47 47 53 53 42 42 45 45 51 51 49 49 43 43 36 36 35
