proyectos/proyecto_grani/grani_ori.asc
ncols       801
nrows       801
xllcorner   268962
yllcorner   5401414
cellsize    30
NODATA_value  -1
[rows 176 to 219 of 801, columns 480 to 575 of 801]
197 197 191 191 173 173 151 151 126 126 115 115 113 113 114 114 118 118 130 130 139 139 147 147 160 160 160 160 155 155 144 144 135 135 129 133 124 124 156 156 196 196 194 194 180 180 225 225 342 342 323 323 197 197 204 204 229 229 333 333 347 347 24 24 48 48 45 45 18 18 76 76 172 172 260 260 266 266 270 270 279 279 217 217 253 253 270 270 292 292 90 90 153 104 180 180
197 197 191 191 173 173 161 161 134 134 122 122 117 117 119 119 118 118 122 122 129 129 134 134 149 149 156 156 155 155 148 148 139 139 133 133 124 124 156 156 196 196 194 194 180 180 225 225 342 342 323 323 197 197 204 204 229 229 333 333 347 347 24 24 104 104 342 342 57 57 86 86 135 135 263 263 281 281 286 286 304 304 214 214 260 260 261 261 293 293 63 63 104 104 180 180
196 196 193 193 179 179 161 161 134 134 122 122 117 117 119 119 118 118 122 122 129 129 134 134 149 149 156 156 155 155 148 148 139 139 133 135 117 117 153 153 243 243 180 180 180 180 233 233 248 248 81 81 141 141 229 229 249 249 288 288 346 346 90 90 104 104 342 342 57 57 86 86 135 135 263 263 281 281 286 286 304 304 214 214 260 260 261 261 293 293 63 63 104 99 162 162
196 196 193 193 179 179 171 171 132 132 118 118 118 118 119 119 117 117 116 116 120 120 122 122 132 132 138 138 142 142 142 142 137 137 135 135 117 117 153 153 243 243 180 180 180 180 233 233 248 248 81 81 141 141 229 229 249 249 288 288 346 346 90 90 25 25 45 45 107 107 95 95 23 23 241 241 273 273 276 276 27 27 270 270 263 263 257 257 297 297 76 76 99 99 162 162
196 196 198 198 193 193 171 171 132 132 118 118 118 118 119 119 117 117 116 116 120 120 122 122 132 132 138 138 142 142 142 142 137 137 135 120 69 69 11 11 270 270 172 172 180 180 248 248 292 292 124 124 48 48 285 285 256 256 250 250 349 349 72 72 25 25 45 45 107 107 95 95 23 23 241 241 273 273 276 276 27 27 270 270 263 263 257 257 297 297 76 76 99 104 143 143
196 196 198 198 193 193 180 180 147 147 131 131 130 130 132 132 126 126 119 119 122 122 124 124 133 133 134 134 133 133 136 136 130 130 120 120 69 69 11 11 270 270 172 172 180 180 248 248 292 292 124 124 48 48 285 285 256 256 250 250 349 349 72 72 41 41 100 100 93 93 107 107 45 45 276 276 267 267 239 239 297 297 34 34 265 265 290 290 298 298 96 96 104 104 143 143
198 198 198 198 194 194 180 180 147 147 131 131 130 130 132 132 126 126 119 119 122 122 124 124 133 133 134 134 133 133 136 136 130 130 120 198 90 90 17 17 53 53 164 164 259 259 249 249 270 270 180 180 34 34 315 315 276 276 227 227 225 225 225 225 41 41 100 100 93 93 107 107 45 45 276 276 267 267 239 239 297 297 34 34 265 265 290 290 298 298 96 96 104 108 113 113
198 198 198 198 194 194 180 180 165 165 150 150 139 139 139 139 138 138 131 131 131 131 131 131 139 139 141 141 136 136 140 140 148 148 198 198 90 90 17 17 53 53 164 164 259 259 249 249 270 270 180 180 34 34 315 315 276 276 227 227 225 225 225 225 124 124 122 122 90 90 70 70 135 135 315 315 255 255 238 238 247 247 18 18 277 277 296 296 45 45 94 94 108 108 113 113
192 192 191 191 187 187 180 180 165 165 150 150 139 139 139 139 138 138 131 131 131 131 131 131 139 139 141 141 136 136 140 140 148 148 198 283 302 302 29 29 61 61 76 76 270 270 236 236 207 207 124 124 158 158 236 236 278 278 186 186 231 231 225 225 124 124 122 122 90 90 70 70 135 135 315 315 255 255 238 238 247 247 18 18 277 277 296 296 45 45 94 94 108 107 98 98
192 192 191 191 187 187 172 172 166 166 158 158 145 145 138 138 137 137 131 131 130 130 131 131 137 137 136 136 120 120 107 107 34 34 283 283 302 302 29 29 61 61 76 76 270 270 236 236 207 207 124 124 158 158 236 236 278 278 186 186 231 231 225 225 121 121 94 94 90 90 67 67 45 45 288 288 270 270 239 239 243 243 243 243 268 268 252 252 158 158 94 94 107 107 98 98
196 196 183 183 171 171 172 172 166 166 158 158 145 145 138 138 137 137 131 131 130 130 131 131 137 137 136 136 120 120 107 107 34 34 283 270 240 240 153 153 68 68 65 65 27 27 180 180 220 220 135 135 135 135 256 256 262 262 236 236 256 256 198 198 121 121 94 94 90 90 67 67 45 45 288 288 270 270 239 239 243 243 243 243 268 268 252 252 158 158 94 94 107 103 72 72
196 196 183 183 171 171 162 162 162 162 160 160 151 151 143 143 136 136 128 128 122 122 122 122 133 133 132 132 83 83 24 24 16 16 270 270 240 240 153 153 68 68 65 65 27 27 180 180 220 220 135 135 135 135 256 256 262 262 236 236 256 256 198 198 146 146 45 45 96 96 99 99 39 39 307 307 315 315 248 248 238 238 210 210 248 248 239 239 221 221 105 105 103 103 72 72
195 195 184 184 166 166 162 162 162 162 160 160 151 151 143 143 136 136 128 128 122 122 122 122 133 133 132 132 83 83 24 24 16 16 270 135 232 232 259 259 85 85 67 67 45 45 90 90 243 243 124 124 112 112 270 270 277 277 27 27 204 204 185 185 146 146 45 45 96 96 99 99 39 39 307 307 315 315 248 248 238 238 210 210 248 248 239 239 221 221 105 105 103 79 18 18
195 195 184 184 166 166 164 164 157 157 155 155 151 151 147 147 140 140 130 130 114 114 96 96 94 94 90 90 351 351 22 22 95 95 135 135 232 232 259 259 85 85 67 67 45 45 90 90 243 243 124 124 112 112 270 270 277 277 27 27 204 204 185 185 225 225 79 79 82 82 124 124 174 174 243 243 207 207 351 351 262 262 225 225 262 262 252 252 228 228 119 119 79 79 18 18
189 189 184 184 171 171 164 164 157 157 155 155 151 151 147 147 140 140 130 130 114 114 96 96 94 94 90 90 351 351 22 22 95 95 135 153 263 263 286 286 103 103 73 73 72 72 72 72 225 225 158 158 104 104 266 266 264 264 126 126 169 169 217 217 225 225 79 79 82 82 124 124 174 174 243 243 207 207 351 351 262 262 225 225 262 262 252 252 228 228 119 119 79 18 45 45
189 189 184 184 171 171 166 166 159 159 151 151 144 144 142 142 140 140 129 129 112 112 84 84 108 108 163 163 326 326 85 85 113 113 153 153 263 263 286 286 103 103 73 73 72 72 72 72 225 225 158 158 104 104 266 266 264 264 126 126 169 169 217 217 230 230 53 53 49 49 135 135 171 171 238 238 231 231 315 315 342 342 270 270 279 279 257 257 222 222 169 169 18 18 45 45
167 167 174 174 173 173 166 166 159 159 151 151 144 144 142 142 140 140 129 129 112 112 84 84 108 108 163 163 326 326 85 85 113 113 153 217 302 302 297 297 100 100 69 69 90 90 60 60 108 108 169 169 45 45 270 270 202 202 138 138 189 189 254 254 230 230 53 53 49 49 135 135 171 171 238 238 231 231 315 315 342 342 270 270 279 279 257 257 222 222 222 169 169 270 270 108
167 167 174 174 173 173 166 166 164 164 159 159 143 143 129 129 126 126 120 120 103 103 79 79 103 103 192 192 261 261 107 107 90 90 217 217 302 302 297 297 100 100 69 69 69 90 90 60 60 108 108 169 169 45 45 270 202 202 138 138 189 189 189 254 262 232 232 238 238 75 75 100 100 209 209 245 245 229 229 266 266 225 225 288 288 270 270 257 257 257 257 225 225 270 270 108
170 149 149 155 164 164 166 166 164 164 159 159 143 143 143 129 129 126 126 120 120 103 103 79 79 103 103 192 192 261 261 107 107 90 90 315 315 300 300 124 124 90 90 69 69 101 101 67 67 63 63 180 180 270 270 219 219 173 173 153 153 254 254 262 262 232 232 238 238 75 75 100 100 209 209 245 245 229 229 266 266 225 225 288 288 270 270 257 257 257 257 225 225 225 225 127
170 149 149 155 155 164 148 160 160 168 168 174 174 165 165 143 143 128 128 122 122 135 135 95 95 77 77 354 354 261 261 119 119 67 67 315 315 300 300 124 124 90 90 69 69 101 101 67 67 63 63 180 180 270 270 219 219 173 173 153 153 254 254 262 207 196 196 223 223 123 123 54 54 27 27 252 252 246 246 260 260 236 236 307 307 276 276 281 281 297 297 191 191 225 225 127
180 137 137 139 139 148 148 160 160 168 168 174 174 165 165 143 143 128 128 122 122 135 135 95 95 77 77 354 354 261 261 119 119 67 67 333 333 233 233 141 141 90 90 90 90 112 112 90 90 54 54 76 76 135 135 171 171 236 236 315 315 304 304 207 207 196 196 223 223 123 123 54 54 27 27 252 252 246 246 260 260 236 236 307 307 276 276 281 281 297 297 191 191 252 252 117
180 137 137 139 139 148 133 144 144 162 162 175 175 183 183 175 175 153 153 148 148 153 153 142 142 74 74 25 25 153 153 140 140 45 45 333 333 233 233 141 141 90 90 90 90 112 112 90 90 54 54 76 76 135 135 171 171 236 236 315 315 304 304 207 163 180 180 200 200 220 220 53 53 51 51 270 270 263 263 270 270 262 262 310 310 294 294 305 305 333 333 166 166 252 252 117
193 145 145 133 133 133 133 144 144 162 162 175 175 183 183 175 175 153 153 148 148 153 153 142 142 74 74 25 25 153 153 140 140 45 45 243 243 169 169 180 180 90 90 90 90 121 121 180 180 101 101 101 101 111 111 247 247 288 288 333 333 27 27 163 163 180 180 200 200 220 220 53 53 51 51 270 270 263 263 270 270 262 262 310 310 294 294 305 305 333 333 166 166 277 277 14
193 145 145 133 133 133 126 121 121 135 135 160 160 187 187 185 185 162 162 157 157 165 165 168 168 146 146 98 98 135 135 157 157 214 214 243 243 169 169 180 180 90 90 90 90 121 121 180 180 101 101 101 101 111 111 247 247 288 288 333 333 27 27 163 142 190 190 229 229 252 252 152 152 65 65 96 96 270 270 267 267 256 256 276 276 285 285 305 305 90 90 162 162 277 277 14
202 166 166 140 140 126 126 121 121 135 135 160 160 187 187 185 185 162 162 157 157 165 165 168 168 146 146 98 98 135 135 157 157 214 214 243 217 198 198 225 225 90 90 85 85 111 111 169 169 135 135 131 131 99 99 311 311 279 279 346 346 103 103 142 142 190 190 229 229 252 252 152 152 65 65 96 96 270 270 267 267 256 256 276 276 285 285 305 305 90 90 162 162 270 270 352
202 166 166 140 140 126 126 112 112 117 117 135 135 169 169 177 177 162 162 156 156 176 176 193 193 169 169 126 126 135 135 172 172 225 225 217 217 198 198 225 225 90 90 85 85 111 111 169 169 135 135 131 131 99 99 311 311 279 279 346 346 103 103 142 95 203 203 243 243 229 229 138 138 94 94 97 97 266 266 254 254 246 246 247 247 255 255 275 275 90 90 162 162 270 270 352
210 185 185 162 162 144 144 112 112 117 117 135 135 169 169 177 177 162 162 156 156 176 176 193 193 169 169 126 126 135 135 172 172 225 225 217 225 225 225 225 225 135 135 94 94 80 80 124 124 152 152 153 153 315 315 248 248 284 284 63 63 106 106 95 95 203 203 243 243 229 229 138 138 94 94 97 97 266 266 254 254 246 246 247 247 255 255 275 275 90 90 162 162 273 273 90
210 185 185 162 162 144 144 137 137 122 122 133 133 166 166 174 174 151 151 139 139 202 202 262 262 90 90 90 90 119 119 194 194 239 239 225 225 225 225 225 225 135 135 94 94 80 80 124 124 152 152 153 153 315 315 248 248 284 284 63 63 106 106 95 95 117 117 248 248 247 247 90 90 85 85 77 77 270 270 266 266 249 249 246 246 254 254 252 252 101 101 146 146 273 273 90
219 191 191 178 178 173 173 137 137 122 122 133 133 166 166 174 174 151 151 139 139 202 202 262 262 90 90 90 90 119 119 194 194 239 239 243 243 225 225 225 225 180 180 108 108 77 77 90 90 137 137 217 217 90 90 225 225 242 242 128 128 129 129 68 68 117 117 248 248 247 247 90 90 85 85 77 77 270 270 266 266 249 249 246 246 254 254 252 252 101 101 146 146 274 274 124
219 191 191 178 178 173 173 159 159 127 127 127 127 180 180 198 198 135 135 45 45 328 328 291 291 90 90 81 81 90 90 207 207 248 248 243 243 225 225 225 225 180 180 108 108 77 77 90 90 137 137 217 217 90 90 225 225 242 242 128 128 129 129 68 70 72 72 236 236 270 270 164 164 122 122 66 66 279 279 262 262 243 243 264 264 270 270 227 227 126 126 252 252 274 274 124
231 180 180 177 177 185 185 159 159 127 127 127 127 180 180 198 198 135 135 45 45 328 328 291 291 90 90 81 81 90 90 207 207 248 248 256 256 243 243 225 225 158 158 122 122 111 111 93 93 112 112 253 253 153 153 187 187 202 202 159 159 131 131 70 70 72 72 236 236 270 270 164 164 122 122 66 66 279 279 262 262 243 243 264 264 270 270 227 227 126 126 252 252 270 270 101
231 180 180 177 177 185 185 168 168 130 130 121 121 180 180 239 239 284 284 337 337 352 352 346 346 166 166 104 104 86 86 135 135 259 259 256 256 243 243 225 225 158 158 122 122 111 111 93 93 112 112 253 253 153 153 187 187 202 202 159 159 131 131 70 110 81 81 223 223 267 267 135 135 180 180 180 180 307 307 264 264 270 270 288 288 277 277 225 225 164 164 286 286 270 270 101
245 166 166 156 156 185 185 168 168 130 130 121 121 180 180 239 239 284 284 337 337 352 352 346 346 166 166 104 104 86 86 135 135 259 259 270 270 270 270 146 146 104 104 98 98 112 112 99 99 94 94 270 270 101 101 105 105 191 191 229 229 331 331 110 110 81 81 223 223 267 267 135 135 180 180 180 180 307 307 264 264 270 270 288 288 277 277 225 225 164 164 286 286 270 270 79
245 166 166 156 156 185 185 157 157 135 135 117 117 270 270 294 294 300 300 318 318 23 23 79 79 135 135 131 131 96 96 135 135 259 259 270 270 270 270 146 146 104 104 98 98 112 112 99 99 94 94 270 270 101 101 105 105 191 191 229 229 331 331 110 143 105 105 248 248 270 270 63 63 90 90 230 230 297 297 302 302 294 294 292 292 304 304 270 270 207 207 287 287 270 270 79
247 153 153 117 117 143 143 157 157 135 135 117 117 270 270 294 294 300 300 318 318 23 23 79 79 135 135 131 131 96 96 135 135 259 259 270 259 90 90 180 180 90 90 72 72 79 79 96 96 72 72 276 276 97 97 92 92 189 189 259 259 325 325 143 143 105 105 248 248 270 270 63 63 90 90 230 230 297 297 302 302 294 294 292 292 304 304 270 270 207 207 287 287 270 253 72
247 153 153 117 117 143 143 135 135 153 153 162 162 270 270 279 279 285 285 270 270 106 106 99 99 107 107 135 135 106 106 135 135 252 252 259 259 90 90 180 180 90 90 72 72 79 79 96 96 72 72 276 276 97 97 92 92 189 189 259 259 325 325 143 145 161 161 259 259 253 253 39 39 48 48 270 270 276 276 311 311 297 297 264 264 297 297 304 304 346 346 299 299 253 253 72
245 214 214 135 135 124 124 135 135 153 153 162 162 270 270 279 279 285 285 270 270 106 106 99 99 107 107 135 135 106 106 135 135 252 252 259 243 333 333 351 351 90 90 69 69 63 63 77 77 62 62 281 281 111 111 89 89 342 342 267 267 146 146 145 145 161 161 259 259 253 253 39 39 48 48 270 270 276 276 311 311 297 297 264 264 297 297 304 304 346 346 299 299 288 288 342
245 214 214 135 135 124 124 113 113 135 135 180 180 229 229 233 233 225 225 204 204 144 144 105 105 105 105 131 131 129 129 90 90 248 248 243 243 333 333 351 351 90 90 69 69 63 63 77 77 62 62 281 281 111 111 89 89 342 342 267 267 146 146 145 145 198 198 255 255 239 239 294 294 54 54 27 27 273 273 297 297 339 339 291 291 302 302 288 288 315 315 352 352 288 288 342
249 180 180 145 145 135 135 113 113 135 135 180 180 229 229 233 233 225 225 204 204 144 144 105 105 105 105 131 131 129 129 90 90 248 248 243 246 270 270 90 90 124 124 81 81 56 56 65 65 79 79 90 90 90 90 86 86 11 11 256 256 121 121 124 124 198 198 255 255 239 239 294 294 54 54 27 27 273 273 297 297 339 339 291 291 302 302 288 288 315 315 352 352 344 344 67
249 180 180 145 145 135 135 112 112 117 117 146 146 219 219 219 219 219 219 212 212 187 187 114 114 111 111 106 106 135 135 333 333 252 252 246 246 270 270 90 90 124 124 81 81 56 56 65 65 79 79 90 90 90 90 86 86 11 11 256 256 121 121 124 124 187 187 255 255 243 243 262 262 81 81 72 72 265 265 255 255 297 297 297 297 315 315 304 304 252 252 292 292 344 344 67
233 165 165 140 140 146 146 112 112 117 117 146 146 219 219 219 219 219 219 212 212 187 187 114 114 111 111 106 106 135 135 333 333 252 252 246 254 225 225 171 171 180 180 180 180 37 37 68 68 56 56 351 351 67 67 70 70 51 51 258 258 107 107 90 90 187 187 255 255 243 243 262 262 81 81 72 72 265 265 255 255 297 297 297 297 315 315 304 304 252 252 292 292 243 243 166
233 165 165 140 140 146 146 106 106 104 104 135 135 270 270 225 225 233 233 238 238 225 225 104 104 72 72 17 17 6 6 9 9 90 90 254 254 225 225 171 171 180 180 180 180 37 37 68 68 56 56 351 351 67 67 70 70 51 51 258 258 107 107 90 90 189 189 265 265 262 262 267 267 107 107 29 29 263 263 229 229 218 218 283 283 293 293 333 333 233 233 253 253 243 243 166
188 180 180 207 207 72 72 106 106 104 104 135 135 270 270 225 225 233 233 238 238 225 225 104 104 72 72 17 17 6 6 9 9 90 90 254 323 233 233 207 207 180 180 252 252 270 270 73 73 40 40 14 14 72 72 75 75 51 51 279 279 92 92 99 99 189 189 265 265 262 262 267 267 107 107 29 29 263 263 229 229 218 218 283 283 293 293 333 333 233 233 253 253 243 187 190
188 180 180 207 207 72 72 90 90 81 81 34 34 90 90 225 225 239 239 259 259 233 233 27 27 5 5 90 90 23 23 48 48 51 51 323 323 233 233 207 207 180 180 252 252 270 270 73 73 40 40 14 14 72 72 75 75 51 51 279 279 92 92 99 99 288 288 287 287 276 276 266 266 153 153 8 8 18 18 202 202 238 238 260 260 330 330 72 72 270 270 270 270 187 187 190
