proyectos/proyecto_grani/grani_viento.asc
ncols       801
nrows       801
xllcorner   268962
yllcorner   5401414
cellsize    30
NODATA_value  -1
[rows 559 to 601 of 801, columns 192 to 287 of 801]
297 297 297 297 297 294 294 294 294 281 281 281 281 280 280 280 280 276 276 276 276 279 279 279 279 281 281 281 281 281 281 281 281 287 287 287 287 297 297 297 297 307 307 307 307 315 315 315 315 320 320 320 320 326 326 326 326 333 333 333 333 335 335 335 335 334 334 334 334 332 332 332 332 327 327 327 327 321 321 321 321 321 321 321 321 325 325 325 325 326 326 326 326 326 326 326
298 300 300 300 300 301 301 301 301 293 293 293 293 280 280 280 280 276 276 276 276 279 279 279 279 281 281 281 281 281 281 281 281 287 287 287 287 297 297 297 297 307 307 307 307 315 315 315 315 320 320 320 320 326 326 326 326 333 333 333 333 335 335 335 335 334 334 334 334 332 332 332 332 327 327 327 327 321 321 321 321 321 321 321 321 325 325 325 325 326 326 326 326 326 326 326
298 300 300 300 300 301 301 301 301 293 293 293 293 280 280 280 280 276 276 276 276 279 279 279 279 281 281 281 281 281 281 281 281 287 287 287 287 297 297 297 297 307 307 307 307 315 315 315 315 320 320 320 320 326 326 326 326 333 333 333 333 335 335 335 335 334 334 334 334 332 332 324 324 321 321 321 321 318 318 318 318 318 318 318 318 320 320 320 320 321 321 321 321 323 323 323
298 300 300 300 300 301 301 301 301 293 293 293 293 280 280 280 280 276 276 276 276 279 279 279 279 281 281 281 281 281 281 281 281 287 287 287 287 297 297 297 297 307 316 316 316 321 321 321 321 323 323 323 323 328 328 328 328 336 336 336 336 338 338 338 338 331 331 331 331 324 324 324 324 321 321 321 321 318 318 318 318 318 318 318 318 320 320 320 320 321 321 321 321 323 323 323
298 300 300 300 300 301 301 301 301 293 293 293 293 280 292 292 292 284 284 284 284 285 285 285 285 295 295 295 295 302 302 302 302 303 303 303 303 308 308 308 308 316 316 316 316 321 321 321 321 323 323 323 323 328 328 328 328 336 336 336 336 338 338 338 338 331 331 331 331 324 324 324 324 321 321 321 321 318 318 318 318 318 318 318 318 320 320 320 320 321 321 321 321 323 323 323
298 302 302 302 302 307 307 307 307 303 303 303 303 292 292 292 292 284 284 284 284 285 285 285 285 295 295 295 295 302 302 302 302 303 303 303 303 308 308 308 308 316 316 316 316 321 321 321 321 323 323 323 323 328 328 328 328 336 336 336 336 338 338 338 338 331 331 331 331 324 324 324 324 321 321 321 321 318 318 318 318 318 318 318 318 320 320 320 320 321 321 321 321 323 323 323
298 302 302 302 302 307 307 307 307 303 303 303 303 292 292 292 292 284 284 284 284 285 285 285 285 295 295 295 295 302 302 302 302 303 303 303 303 308 308 308 308 316 316 316 316 321 321 321 321 323 323 323 323 328 328 328 328 336 336 336 336 338 338 338 338 331 331 331 331 324 324 313 313 317 317 317 317 318 318 318 318 318 318 318 318 319 319 319 319 320 320 320 320 322 322 322
298 302 302 302 302 307 307 307 307 303 303 303 303 292 292 292 292 284 284 284 284 285 285 285 285 295 295 295 295 302 302 302 302 303 303 303 303 308 308 308 308 316 316 318 318 322 322 322 322 320 320 320 320 322 322 322 322 329 329 329 329 331 331 331 331 317 317 317 317 313 313 313 313 317 317 317 317 318 318 318 318 318 318 318 318 319 319 319 319 320 320 320 320 322 322 322
298 302 302 302 302 307 307 307 307 303 303 303 303 292 302 302 302 294 294 294 294 291 291 291 291 297 297 297 297 307 307 307 307 308 308 308 308 311 311 311 311 318 318 318 318 322 322 322 322 320 320 320 320 322 322 322 322 329 329 329 329 331 331 331 331 317 317 317 317 313 313 313 313 317 317 317 317 318 318 318 318 318 318 318 318 319 319 319 319 320 320 320 320 322 322 322
298 303 303 303 303 308 308 308 308 308 308 308 308 302 302 302 302 294 294 294 294 291 291 291 291 297 297 297 297 307 307 307 307 308 308 308 308 311 311 311 311 318 318 318 318 322 322 322 322 320 320 320 320 322 322 322 322 329 329 329 329 331 331 331 331 317 317 317 317 313 313 313 313 317 317 317 317 318 318 318 318 318 318 318 318 319 319 319 319 320 320 320 320 322 322 322
298 303 303 303 303 308 308 308 308 308 308 308 308 302 302 302 302 294 294 294 294 291 291 291 291 297 297 297 297 307 307 307 307 308 308 308 308 311 311 311 311 318 318 318 318 322 322 322 322 320 320 320 320 322 322 322 322 329 329 329 329 331 331 331 331 317 317 317 317 313 313 313 311 316 316 316 316 318 318 318 318 317 317 317 317 318 318 318 318 320 320 320 320 324 324 324
298 303 303 303 303 308 308 308 308 308 308 308 308 302 302 302 302 294 294 294 294 291 291 291 291 297 297 297 297 307 307 307 307 308 308 308 308 311 311 311 311 318 318 312 312 312 312 312 312 307 307 307 307 307 307 307 307 315 315 315 315 318 318 318 318 310 310 310 310 311 311 311 311 316 316 316 316 318 318 318 318 317 317 317 317 318 318 318 318 320 320 320 320 324 324 324
298 303 303 303 303 308 308 308 308 308 308 308 308 302 306 306 306 301 301 301 301 294 294 294 294 293 293 293 293 300 300 300 300 302 302 302 302 304 304 304 304 312 312 312 312 312 312 312 312 307 307 307 307 307 307 307 307 315 315 315 315 318 318 318 318 310 310 310 310 311 311 311 311 316 316 316 316 318 318 318 318 317 317 317 317 318 318 318 318 320 320 320 320 324 324 324
301 305 305 305 305 308 308 308 308 309 309 309 309 306 306 306 306 301 301 301 301 294 294 294 294 293 293 293 293 300 300 300 300 302 302 302 302 304 304 304 304 312 312 312 312 312 312 312 312 307 307 307 307 307 307 307 307 315 315 315 315 318 318 318 318 310 310 310 310 311 311 311 311 316 316 316 316 318 318 318 318 317 317 317 317 318 318 318 318 320 320 320 320 324 324 324
301 305 305 305 305 308 308 308 308 309 309 309 309 306 306 306 306 301 301 301 301 294 294 294 294 293 293 293 293 300 300 300 300 302 302 302 302 304 304 304 304 312 312 312 312 312 312 312 312 307 307 307 307 307 307 307 307 315 315 315 315 318 318 318 318 310 310 310 310 311 311 311 313 317 317 317 317 317 317 317 317 315 315 315 315 315 315 315 315 319 319 319 319 325 325 325
301 305 305 305 305 308 308 308 308 309 309 309 309 306 306 306 306 301 301 301 301 294 294 294 294 293 293 293 293 300 300 300 300 302 302 302 302 304 304 304 304 312 312 306 306 309 309 309 309 305 305 305 305 308 308 308 308 320 320 320 320 320 320 320 320 312 312 312 312 313 313 313 313 317 317 317 317 317 317 317 317 315 315 315 315 315 315 315 315 319 319 319 319 325 325 325
301 305 305 305 305 308 308 308 308 309 309 309 309 306 306 306 306 303 303 303 303 298 298 298 298 294 294 294 294 296 296 296 296 298 298 298 298 299 299 299 299 306 306 306 306 309 309 309 309 305 305 305 305 308 308 308 308 320 320 320 320 320 320 320 320 312 312 312 312 313 313 313 313 317 317 317 317 317 317 317 317 315 315 315 315 315 315 315 315 319 319 319 319 325 325 325
303 305 305 305 305 307 307 307 307 307 307 307 307 306 306 306 306 303 303 303 303 298 298 298 298 294 294 294 294 296 296 296 296 298 298 298 298 299 299 299 299 306 306 306 306 309 309 309 309 305 305 305 305 308 308 308 308 320 320 320 320 320 320 320 320 312 312 312 312 313 313 313 313 317 317 317 317 317 317 317 317 315 315 315 315 315 315 315 315 319 319 319 319 325 325 325
303 305 305 305 305 307 307 307 307 307 307 307 307 306 306 306 306 303 303 303 303 298 298 298 298 294 294 294 294 296 296 296 296 298 298 298 298 299 299 299 299 306 306 306 306 309 309 309 309 305 305 305 305 308 308 308 308 320 320 320 320 320 320 320 320 312 312 312 312 313 313 313 313 315 315 315 315 314 314 314 314 312 312 312 312 312 312 312 312 317 317 317 317 323 323 323
303 305 305 305 305 307 307 307 307 307 307 307 307 306 306 306 306 303 303 303 303 298 298 298 298 294 294 294 294 296 296 296 296 298 298 298 298 299 299 299 299 306 306 304 304 311 311 311 311 310 310 310 310 313 313 313 313 320 320 320 320 316 316 316 316 312 312 312 312 313 313 313 313 315 315 315 315 314 314 314 314 312 312 312 312 312 312 312 312 317 317 317 317 323 323 323
303 305 305 305 305 307 307 307 307 307 307 307 307 306 304 304 304 303 303 303 303 300 300 300 300 298 298 298 298 298 298 298 298 299 299 299 299 299 299 299 299 304 304 304 304 311 311 311 311 310 310 310 310 313 313 313 313 320 320 320 320 316 316 316 316 312 312 312 312 313 313 313 313 315 315 315 315 314 314 314 314 312 312 312 312 312 312 312 312 317 317 317 317 323 323 323
303 303 303 303 303 304 304 304 304 305 305 305 305 304 304 304 304 303 303 303 303 300 300 300 300 298 298 298 298 298 298 298 298 299 299 299 299 299 299 299 299 304 304 304 304 311 311 311 311 310 310 310 310 313 313 313 313 320 320 320 320 316 316 316 316 312 312 312 312 313 313 313 313 313 315 315 315 315 314 314 314 312 312 312 312 312 312 312 312 312 317 317 317 317 323 323
303 303 303 303 303 304 304 304 304 305 305 305 305 304 304 304 304 303 303 303 303 300 300 300 300 298 298 298 298 298 298 298 298 299 299 299 299 299 299 299 299 299 304 304 304 304 311 311 311 311 310 310 310 310 313 313 313 313 320 320 320 320 316 316 316 316 312 312 312 312 313 313 313 313 315 315 315 315 313 313 313 313 312 312 312 312 313 313 313 313 316 316 316 316 321 321
303 303 303 303 303 303 304 304 304 304 305 305 305 305 304 304 304 304 303 303 303 303 300 300 300 300 298 298 298 298 298 298 298 298 299 299 299 299 299 299 299 299 304 301 301 301 310 310 310 310 310 310 310 310 313 313 313 313 318 318 318 318 314 314 314 314 312 312 312 312 313 313 313 313 315 315 315 315 313 313 313 313 312 312 312 312 313 313 313 313 316 316 316 316 321 321
303 303 303 303 303 303 304 304 304 304 305 305 305 305 303 303 303 303 302 302 302 302 300 300 300 300 298 298 298 298 298 298 298 298 299 299 299 299 297 297 297 297 301 301 301 301 310 310 310 310 310 310 310 310 313 313 313 313 318 318 318 318 314 314 314 314 312 312 312 312 313 313 313 313 315 315 315 315 313 313 313 313 312 312 312 312 313 313 313 313 316 316 316 316 321 321
302 302 302 302 302 302 304 304 304 304 304 304 304 304 303 303 303 303 302 302 302 302 300 300 300 300 298 298 298 298 298 298 298 298 299 299 299 299 297 297 297 297 301 301 301 301 310 310 310 310 310 310 310 310 313 313 313 313 318 318 318 318 314 314 314 314 312 312 312 312 313 313 313 313 315 315 315 315 313 313 313 313 312 312 312 312 313 313 313 313 316 316 316 316 321 321
302 302 302 302 302 302 304 304 304 304 304 304 304 304 303 303 303 303 302 302 302 302 300 300 300 300 298 298 298 298 298 298 298 298 299 299 299 299 297 297 297 297 301 301 301 301 310 310 310 310 310 310 310 310 313 313 313 313 318 318 318 318 314 314 314 314 312 312 312 312 313 313 319 319 318 318 318 318 317 317 317 317 317 317 317 317 318 318 318 318 320 320 320 320 322 322
302 302 302 302 302 302 304 304 304 304 304 304 304 304 303 303 303 303 302 302 302 302 300 300 300 300 298 298 298 298 298 298 298 298 299 299 299 299 297 297 297 297 301 300 300 300 308 308 308 308 312 312 312 312 314 314 314 314 319 319 319 319 318 318 318 318 317 317 317 317 319 319 319 319 318 318 318 318 317 317 317 317 317 317 317 317 318 318 318 318 320 320 320 320 322 322
302 302 302 302 302 302 304 304 304 304 304 304 304 304 303 303 303 303 301 301 301 301 299 299 299 299 298 298 298 298 298 298 298 298 298 298 298 298 297 297 297 297 300 300 300 300 308 308 308 308 312 312 312 312 314 314 314 314 319 319 319 319 318 318 318 318 317 317 317 317 319 319 319 319 318 318 318 318 317 317 317 317 317 317 317 317 318 318 318 318 320 320 320 320 322 322
302 302 302 302 302 302 303 303 303 303 304 304 304 304 303 303 303 303 301 301 301 301 299 299 299 299 298 298 298 298 298 298 298 298 298 298 298 298 297 297 297 297 300 300 300 300 308 308 308 308 312 312 312 312 314 314 314 314 319 319 319 319 318 318 318 318 317 317 317 317 319 319 319 319 318 318 318 318 317 317 317 317 317 317 317 317 318 318 318 318 320 320 320 320 322 322
302 302 302 302 302 302 303 303 303 303 304 304 304 304 303 303 303 303 301 301 301 301 299 299 299 299 298 298 298 298 298 298 298 298 298 298 298 298 297 297 297 297 300 300 300 300 308 308 308 308 312 312 312 312 314 314 314 314 319 319 319 319 318 318 318 318 317 317 317 317 319 319 322 322 321 321 321 321 320 320 320 320 321 321 321 321 322 322 322 322 323 323 323 323 325 325
302 302 302 302 302 302 303 303 303 303 304 304 304 304 303 303 303 303 301 301 301 301 299 299 299 299 298 298 298 298 298 298 298 298 298 298 298 298 297 297 297 297 300 302 302 302 308 308 308 308 313 313 313 313 316 316 316 316 319 319 319 319 319 319 319 319 320 320 320 320 322 322 322 322 321 321 321 321 320 320 320 320 321 321 321 321 322 322 322 322 323 323 323 323 325 325
302 302 302 302 302 302 303 303 303 303 304 304 304 304 302 302 302 302 299 299 299 299 297 297 297 297 297 297 297 297 298 298 298 298 300 300 300 300 301 301 301 301 302 302 302 302 308 308 308 308 313 313 313 313 316 316 316 316 319 319 319 319 319 319 319 319 320 320 320 320 322 322 322 322 321 321 321 321 320 320 320 320 321 321 321 321 322 322 322 322 323 323 323 323 325 325
302 302 302 302 302 302 303 303 303 303 304 304 304 304 302 302 302 302 299 299 299 299 297 297 297 297 297 297 297 297 298 298 298 298 300 300 300 300 301 301 301 301 302 302 302 302 308 308 308 308 313 313 313 313 316 316 316 316 319 319 319 319 319 319 319 319 320 320 320 320 322 322 322 322 321 321 321 321 320 320 320 320 321 321 321 321 322 322 322 322 323 323 323 323 325 325
302 302 302 302 302 302 303 303 303 303 304 304 304 304 302 302 302 302 299 299 299 299 297 297 297 297 297 297 297 297 298 298 298 298 300 300 300 300 301 301 301 301 302 302 302 302 308 308 308 308 313 313 313 313 316 316 316 316 319 319 319 319 319 319 319 319 320 320 320 320 322 322 318 318 318 318 318 318 319 319 319 319 322 322 322 322 325 325 325 325 327 327 327 327 328 328
302 302 302 302 302 302 303 303 303 303 304 304 304 304 302 302 302 302 299 299 299 299 297 297 297 297 297 297 297 297 298 298 298 298 300 300 300 300 301 301 301 301 302 305 305 305 308 308 308 308 312 312 312 312 316 316 316 316 318 318 318 318 318 318 318 318 318 318 318 318 318 318 318 318 318 318 318 318 319 319 319 319 322 322 322 322 325 325 325 325 327 327 327 327 328 328
302 302 302 302 302 302 303 303 303 303 304 304 304 304 298 298 298 298 295 295 295 295 294 294 294 294 296 296 296 296 298 298 298 298 301 301 301 301 304 304 304 304 305 305 305 305 308 308 308 308 312 312 312 312 316 316 316 316 318 318 318 318 318 318 318 318 318 318 318 318 318 318 318 318 318 318 318 318 319 319 319 319 322 322 322 322 325 325 325 325 327 327 327 327 328 328
305 305 302 302 302 302 302 302 302 302 302 302 302 302 298 298 298 298 295 295 295 295 294 294 294 294 296 296 296 296 298 298 298 298 301 301 301 301 304 304 304 304 305 305 305 305 308 308 308 308 312 312 312 312 316 316 316 316 318 318 318 318 318 318 318 318 318 318 318 318 318 318 318 318 318 318 318 318 319 319 319 319 322 322 322 322 325 325 325 325 327 327 327 327 328 328
305 305 302 302 302 302 302 302 302 302 302 302 302 302 298 298 298 298 295 295 295 295 294 294 294 294 296 296 296 296 298 298 298 298 301 301 301 301 304 304 304 304 305 305 305 305 308 308 308 308 312 312 312 312 316 316 316 316 318 318 318 318 318 318 318 318 318 318 318 318 318 318 315 315 314 314 314 314 317 317 317 317 321 321 321 321 326 326 326 326 329 329 329 329 332 332
305 305 302 302 302 302 302 302 302 302 302 302 302 302 298 298 298 298 295 295 295 295 294 294 294 294 296 296 296 296 298 298 298 298 301 301 301 301 304 304 304 304 305 305 305 305 307 307 307 307 310 310 310 310 314 314 314 314 319 319 319 319 320 320 320 320 318 318 318 318 315 315 315 315 314 314 314 314 317 317 317 317 321 321 321 321 326 326 326 326 329 329 329 329 332 332
305 305 302 302 302 302 302 302 302 302 302 302 302 302 289 289 289 289 289 289 289 289 291 291 291 291 294 294 294 294 298 298 298 298 301 301 301 301 304 304 304 304 305 305 305 305 307 307 307 307 310 310 310 310 314 314 314 314 319 319 319 319 320 320 320 320 318 318 318 318 315 315 315 315 314 314 314 314 317 317 317 317 321 321 321 321 326 326 326 326 329 329 329 329 332 332
304 304 299 299 299 299 295 295 295 295 292 292 292 292 289 289 289 289 289 289 289 289 291 291 291 291 294 294 294 294 298 298 298 298 301 301 301 301 304 304 304 304 305 305 305 305 307 307 307 307 310 310 310 310 314 314 314 314 319 319 319 319 320 320 320 320 318 318 318 318 315 315 315 315 314 314 314 314 317 317 317 317 321 321 321 321 326 326 326 326 329 329 329 329 332 332
304 304 299 299 299 299 295 295 295 295 292 292 292 292 289 289 289 289 289 289 289 289 291 291 291 291 294 294 294 294 298 298 298 298 301 301 301 301 304 304 304 304 305 305 305 305 307 307 307 307 310 310 310 310 314 314 314 314 319 319 319 319 320 320 320 320 318 318 318 318 315 315 321 321 317 317 317 317 317 317 317 317 320 320 320 320 323 323 323 323 326 326 326 326 330 330
