proyectos/proyecto_grani/grani_viento.asc
ncols       801
nrows       801
xllcorner   268962
yllcorner   5401414
cellsize    30
NODATA_value  -1
[rows 387 to 429 of 801, columns 0 to 95 of 801]
318 318 318 322 322 322 322 328 328 328 328 331 331 331 331 334 334 334 334 333 333 333 333 332 332 332 332 333 333 333 333 336 336 336 336 340 340 340 340 342 342 342 342 340 340 340 340 335 335 335 335 330 330 330 330 331 331 331 331 337 337 337 337 346 346 346 346 357 357 357 357 2 2 2 2 352 352 352 352 330 330 330 330 311 311 311 311 302 302 302 302 297 297 297 297 297
318 318 318 322 322 322 322 328 328 328 328 331 331 331 331 334 334 334 334 333 333 333 333 332 332 332 332 333 333 333 333 336 336 336 336 340 340 340 340 342 342 342 342 340 340 340 340 335 335 335 335 330 330 330 330 331 331 332 332 337 337 337 337 347 347 347 347 360 360 360 360 5 5 5 5 353 353 353 353 329 329 329 329 311 311 311 311 302 302 302 302 297 297 297 297 297
318 318 318 322 322 322 322 328 328 328 328 331 331 331 331 334 334 334 334 333 333 333 333 332 332 332 332 333 332 332 332 336 336 336 336 341 341 341 341 343 343 343 343 341 341 341 341 337 337 337 337 332 332 332 332 332 332 332 332 337 337 337 337 347 347 347 347 360 360 360 360 5 5 5 5 353 353 353 353 329 329 329 329 311 311 311 311 302 302 302 302 297 297 297 297 297
323 323 323 326 326 326 326 330 330 330 330 334 334 334 334 336 336 336 336 335 335 335 335 332 332 332 332 332 332 332 332 336 336 336 336 341 341 341 341 343 343 343 343 341 341 341 341 337 337 337 337 332 332 332 332 332 332 332 332 337 337 337 337 347 347 347 347 360 360 360 360 5 5 5 5 353 353 353 353 329 329 329 329 311 311 311 311 302 302 302 302 297 297 297 297 297
323 323 323 326 326 326 326 330 330 330 330 334 334 334 334 336 336 336 336 335 335 335 335 332 332 332 332 332 332 332 332 336 336 336 336 341 341 341 341 343 343 343 343 341 341 341 341 337 337 337 337 332 332 332 332 332 332 332 332 337 337 337 337 347 347 347 347 360 360 360 360 5 5 5 5 353 353 353 353 329 329 329 329 311 311 311 312 304 304 304 304 300 300 300 300 298
323 323 323 326 326 326 326 330 330 330 330 334 334 334 334 336 336 336 336 335 335 335 335 332 332 332 332 332 332 332 332 336 336 336 336 341 341 341 341 343 343 343 343 341 341 341 341 337 337 337 337 332 332 332 332 332 332 331 331 337 337 337 337 349 349 349 349 2 2 2 2 6 6 6 6 351 351 351 351 328 328 328 328 312 312 312 312 304 304 304 304 300 300 300 300 298
323 323 323 326 326 326 326 330 330 330 330 334 334 334 334 336 336 336 336 335 335 335 335 332 332 332 332 332 338 338 338 341 341 341 341 345 345 345 345 345 345 345 345 342 342 342 342 336 336 336 336 331 331 331 331 331 331 331 331 337 337 337 337 349 349 349 349 2 2 2 2 6 6 6 6 351 351 351 351 328 328 328 328 312 312 312 312 304 304 304 304 300 300 300 300 298
324 324 324 327 327 327 327 332 332 332 332 336 336 336 336 340 340 340 340 339 339 339 339 337 337 337 337 338 338 338 338 341 341 341 341 345 345 345 345 345 345 345 345 342 342 342 342 336 336 336 336 331 331 331 331 331 331 331 331 337 337 337 337 349 349 349 349 2 2 2 2 6 6 6 6 351 351 351 351 328 328 328 328 312 312 312 312 304 304 304 304 300 300 300 300 298
324 324 324 327 327 327 327 332 332 332 332 336 336 336 336 340 340 340 340 339 339 339 339 337 337 337 337 338 338 338 338 341 341 341 341 345 345 345 345 345 345 345 345 342 342 342 342 336 336 336 336 331 331 331 331 331 331 331 331 337 337 337 337 349 349 349 349 2 2 2 2 6 6 6 6 351 351 351 351 328 328 328 328 312 312 312 316 310 310 310 310 305 305 305 305 300
324 324 324 327 327 327 327 332 332 332 332 336 336 336 336 340 340 340 340 339 339 339 339 337 337 337 337 338 338 338 338 341 341 341 341 345 345 345 345 345 345 345 345 342 342 342 342 336 336 336 336 331 331 331 331 331 331 328 328 337 337 337 337 351 351 351 351 4 4 4 4 5 5 5 5 351 351 351 351 330 330 330 330 316 316 316 316 310 310 310 310 305 305 305 305 300
324 324 324 327 327 327 327 332 332 332 332 336 336 336 336 340 340 340 340 339 339 339 339 337 337 337 337 338 346 346 346 350 350 350 350 351 351 351 351 347 347 347 347 341 341 341 341 332 332 332 332 327 327 327 327 328 328 328 328 337 337 337 337 351 351 351 351 4 4 4 4 5 5 5 5 351 351 351 351 330 330 330 330 316 316 316 316 310 310 310 310 305 305 305 305 300
323 323 323 327 327 327 327 332 332 332 332 337 337 337 337 341 341 341 341 341 341 341 341 342 342 342 342 346 346 346 346 350 350 350 350 351 351 351 351 347 347 347 347 341 341 341 341 332 332 332 332 327 327 327 327 328 328 328 328 337 337 337 337 351 351 351 351 4 4 4 4 5 5 5 5 351 351 351 351 330 330 330 330 316 316 316 316 310 310 310 310 305 305 305 305 300
323 323 323 327 327 327 327 332 332 332 332 337 337 337 337 341 341 341 341 341 341 341 341 342 342 342 342 346 346 346 346 350 350 350 350 351 351 351 351 347 347 347 347 341 341 341 341 332 332 332 332 327 327 327 327 328 328 328 328 337 337 337 337 351 351 351 351 4 4 4 4 5 5 5 5 351 351 351 351 330 330 330 330 316 316 316 322 315 315 315 315 309 309 309 309 303
323 323 323 327 327 327 327 332 332 332 332 337 337 337 337 341 341 341 341 341 341 341 341 342 342 342 342 346 346 346 346 350 350 350 350 351 351 351 351 347 347 347 347 341 341 341 341 332 332 332 332 327 327 327 327 328 328 327 327 336 336 336 336 350 350 350 350 2 2 2 2 4 4 4 4 351 351 351 351 332 332 332 332 322 322 322 322 315 315 315 315 309 309 309 309 303
323 323 323 327 327 327 327 332 332 332 332 337 337 337 337 341 341 341 341 341 341 341 341 342 342 342 342 346 346 354 354 358 358 358 358 358 358 358 358 351 351 351 351 339 339 339 339 329 329 329 329 324 324 324 324 327 327 327 327 336 336 336 336 350 350 350 350 2 2 2 2 4 4 4 4 351 351 351 351 332 332 332 332 322 322 322 322 315 315 315 315 309 309 309 309 303
320 320 320 323 323 323 323 328 328 328 328 335 335 335 335 340 340 340 340 342 342 342 342 346 346 346 346 354 354 354 354 358 358 358 358 358 358 358 358 351 351 351 351 339 339 339 339 329 329 329 329 324 324 324 324 327 327 327 327 336 336 336 336 350 350 350 350 2 2 2 2 4 4 4 4 351 351 351 351 332 332 332 332 322 322 322 322 315 315 315 315 309 309 309 309 303
320 320 320 323 323 323 323 328 328 328 328 335 335 335 335 340 340 340 340 342 342 342 342 346 346 346 346 354 354 354 354 358 358 358 358 358 358 358 358 351 351 351 351 339 339 339 339 329 329 329 329 324 324 324 324 327 327 327 327 336 336 336 336 350 350 350 350 2 2 2 2 4 4 4 4 351 351 351 351 332 332 332 332 322 322 322 322 319 319 319 319 314 314 314 314 310
320 320 320 323 323 323 323 328 328 328 328 335 335 335 335 340 340 340 340 342 342 342 342 346 346 346 346 354 354 354 354 358 358 358 358 358 358 358 358 351 351 351 351 339 339 339 339 329 329 329 329 324 324 324 324 327 327 327 327 335 335 335 335 346 346 346 346 357 357 357 357 359 359 359 359 348 348 348 348 333 333 333 333 325 325 325 325 319 319 319 319 314 314 314 314 310
320 320 320 323 323 323 323 328 328 328 328 335 335 335 335 340 340 340 340 342 342 342 342 346 346 346 346 354 354 359 359 5 5 5 5 3 3 3 3 353 353 353 353 337 337 337 337 328 328 328 328 325 325 325 325 327 327 327 327 335 335 335 335 346 346 346 346 357 357 357 357 359 359 359 359 348 348 348 348 333 333 333 333 325 325 325 325 319 319 319 319 314 314 314 314 310
318 318 318 319 319 319 319 325 325 325 325 333 333 333 333 338 338 338 338 342 342 342 342 349 349 349 349 359 359 359 359 5 5 5 5 3 3 3 3 353 353 353 353 337 337 337 337 328 328 328 328 325 325 325 325 327 327 327 327 335 335 335 335 346 346 346 346 357 357 357 357 359 359 359 359 348 348 348 348 333 333 333 333 325 325 325 325 319 319 319 319 314 314 314 314 310
318 318 318 319 319 319 319 325 325 325 325 333 333 333 333 338 338 338 338 342 342 342 342 349 349 349 349 359 359 359 359 5 5 5 5 3 3 3 3 353 353 353 353 337 337 337 337 328 328 328 328 325 325 325 325 327 327 327 327 335 335 335 335 346 346 346 346 357 357 357 357 359 359 359 359 348 348 348 348 333 333 333 333 325 325 325 326 320 320 320 320 318 318 318 318 316
318 318 318 319 319 319 319 325 325 325 325 333 333 333 333 338 338 338 338 342 342 342 342 349 349 349 349 359 359 359 359 5 5 5 5 3 3 3 3 353 353 353 353 337 337 337 337 328 328 328 328 325 325 325 325 327 327 327 327 332 332 332 332 341 341 341 341 351 351 351 351 354 354 354 354 344 344 344 344 333 333 333 333 326 326 326 326 320 320 320 320 318 318 318 318 316
318 318 318 319 319 319 319 325 325 325 325 333 333 333 333 338 338 338 338 342 342 342 342 349 349 349 349 359 359 3 3 8 8 8 8 5 5 5 5 352 352 352 352 335 335 335 335 326 326 326 326 324 324 324 324 327 327 327 327 332 332 332 332 341 341 341 341 351 351 351 351 354 354 354 354 344 344 344 344 333 333 333 333 326 326 326 326 320 320 320 320 318 318 318 318 316
315 315 315 318 318 318 318 323 323 323 323 332 332 332 332 338 338 338 338 343 343 343 343 352 352 352 352 3 3 3 3 8 8 8 8 5 5 5 5 352 352 352 352 335 335 335 335 326 326 326 326 324 324 324 324 327 327 327 327 332 332 332 332 341 341 341 341 351 351 351 351 354 354 354 354 344 344 344 344 333 333 333 333 326 326 326 326 320 320 320 320 318 318 318 318 316
315 315 315 318 318 318 318 323 323 323 323 332 332 332 332 338 338 338 338 343 343 343 343 352 352 352 352 3 3 3 3 8 8 8 8 5 5 5 5 352 352 352 352 335 335 335 335 326 326 326 326 324 324 324 324 327 327 327 327 332 332 332 332 341 341 341 341 351 351 351 351 354 354 354 354 344 344 344 344 333 333 333 333 326 326 326 326 320 320 320 320 320 318 318 318 318
315 315 315 318 318 318 318 323 323 323 323 332 332 332 332 338 338 338 338 343 343 343 343 352 352 352 352 3 3 3 3 8 8 8 8 5 5 5 5 352 352 352 352 335 335 335 335 326 326 326 326 326 324 324 324 324 327 327 325 325 329 329 329 329 337 337 337 337 348 348 348 348 351 351 351 351 344 344 344 344 335 335 335 335 326 326 326 326 320 320 320 320 318 318 318 318
315 315 315 318 318 318 318 323 323 323 323 323 332 332 332 332 338 338 338 338 343 343 343 343 352 352 352 352 3 3 3 3 7 7 7 7 4 4 4 4 351 351 351 351 335 335 335 335 327 327 327 327 325 325 325 325 325 325 325 325 329 329 329 329 337 337 337 337 348 348 348 348 351 351 351 351 344 344 344 344 335 335 335 335 326 326 326 326 320 320 320 320 318 318 318 318
312 312 312 312 315 315 315 315 321 321 321 321 329 329 329 329 336 336 336 336 342 342 342 342 352 352 352 352 3 3 3 3 7 7 7 7 4 4 4 4 351 351 351 351 335 335 335 335 327 327 327 327 325 325 325 325 325 325 325 325 329 329 329 329 337 337 337 337 348 348 348 348 351 351 351 351 344 344 344 344 335 335 335 335 326 326 326 326 320 320 320 320 318 318 318 318
312 312 312 312 315 315 315 315 321 321 321 321 329 329 329 329 336 336 336 336 342 342 342 342 352 352 352 352 3 3 3 3 7 7 7 7 4 4 4 4 351 351 351 351 335 335 335 335 327 327 327 327 325 325 325 325 325 325 325 325 329 329 329 329 337 337 337 337 348 348 348 348 351 351 351 351 344 344 344 344 335 335 335 335 326 326 326 328 320 320 320 320 317 317 317 317
312 312 312 312 315 315 315 315 321 321 321 321 329 329 329 329 336 336 336 336 342 342 342 342 352 352 352 352 3 3 3 3 7 7 7 7 4 4 4 4 351 351 351 351 335 335 335 335 327 327 327 327 325 325 325 325 325 325 327 327 329 329 329 329 336 336 336 336 348 348 348 348 353 353 353 353 347 347 347 347 338 338 338 338 328 328 328 328 320 320 320 320 317 317 317 317
312 312 312 312 315 315 315 315 321 321 321 321 329 329 329 329 336 336 336 336 342 342 342 342 352 352 352 352 3 359 359 359 2 2 2 2 359 359 359 359 350 350 350 350 338 338 338 338 332 332 332 332 329 329 329 329 327 327 327 327 329 329 329 329 336 336 336 336 348 348 348 348 353 353 353 353 347 347 347 347 338 338 338 338 328 328 328 328 320 320 320 320 317 317 317 317
314 314 314 314 317 317 317 317 321 321 321 321 328 328 328 328 335 335 335 335 340 340 340 340 351 351 351 351 359 359 359 359 2 2 2 2 359 359 359 359 350 350 350 350 338 338 338 338 332 332 332 332 329 329 329 329 327 327 327 327 329 329 329 329 336 336 336 336 348 348 348 348 353 353 353 353 347 347 347 347 338 338 338 338 328 328 328 328 320 320 320 320 317 317 317 317
314 314 314 314 317 317 317 317 321 321 321 321 328 328 328 328 335 335 335 335 340 340 340 340 351 351 351 351 359 359 359 359 2 2 2 2 359 359 359 359 350 350 350 350 338 338 338 338 332 332 332 332 329 329 329 329 327 327 327 327 329 329 329 329 336 336 336 336 348 348 348 348 353 353 353 353 347 347 347 347 338 338 338 338 328 328 328 329 320 320 320 320 318 318 318 318
314 314 314 314 317 317 317 317 321 321 321 321 328 328 328 328 335 335 335 335 340 340 340 340 351 351 351 351 359 359 359 359 2 2 2 2 359 359 359 359 350 350 350 350 338 338 338 338 332 332 332 332 329 329 329 329 327 327 329 329 331 331 331 331 338 338 338 338 349 349 349 349 355 355 355 355 351 351 351 351 340 340 340 340 329 329 329 329 320 320 320 320 318 318 318 318
314 314 314 314 317 317 317 317 321 321 321 321 328 328 328 328 335 335 335 335 340 340 340 340 351 351 351 351 359 355 355 355 356 356 356 356 354 354 354 354 346 346 346 346 339 339 339 339 335 335 335 335 332 332 332 332 329 329 329 329 331 331 331 331 338 338 338 338 349 349 349 349 355 355 355 355 351 351 351 351 340 340 340 340 329 329 329 329 320 320 320 320 318 318 318 318
315 315 315 315 321 321 321 321 326 326 326 326 333 333 333 333 338 338 338 338 342 342 342 342 349 349 349 349 355 355 355 355 356 356 356 356 354 354 354 354 346 346 346 346 339 339 339 339 335 335 335 335 332 332 332 332 329 329 329 329 331 331 331 331 338 338 338 338 349 349 349 349 355 355 355 355 351 351 351 351 340 340 340 340 329 329 329 329 320 320 320 320 318 318 318 318
315 315 315 315 321 321 321 321 326 326 326 326 333 333 333 333 338 338 338 338 342 342 342 342 349 349 349 349 355 355 355 355 356 356 356 356 354 354 354 354 346 346 346 346 339 339 339 339 335 335 335 335 332 332 332 332 329 329 329 329 331 331 331 331 338 338 338 338 349 349 349 349 355 355 355 355 351 351 351 351 340 340 340 340 329 329 329 331 321 321 321 321 321 321 321 321
315 315 315 315 321 321 321 321 326 326 326 326 333 333 333 333 338 338 338 338 342 342 342 342 349 349 349 349 355 355 355 355 356 356 356 356 354 354 354 354 346 346 346 346 339 339 339 339 335 335 335 335 332 332 332 332 329 329 327 327 332 332 332 332 340 340 340 340 349 349 349 349 356 356 356 356 354 354 354 354 345 345 345 345 331 331 331 331 321 321 321 321 321 321 321 321
315 315 315 315 321 321 321 321 326 326 326 326 333 333 333 333 338 338 338 338 342 342 342 342 349 349 349 349 355 351 351 351 352 352 352 352 350 350 350 350 342 342 342 342 335 335 335 335 331 331 331 331 328 328 328 328 327 327 327 327 332 332 332 332 340 340 340 340 349 349 349 349 356 356 356 356 354 354 354 354 345 345 345 345 331 331 331 331 321 321 321 321 321 321 321 321
306 306 306 306 311 311 311 311 319 319 319 319 331 331 331 331 339 339 339 339 343 343 343 343 348 348 348 348 351 351 351 351 352 352 352 352 350 350 350 350 342 342 342 342 335 335 335 335 331 331 331 331 328 328 328 328 327 327 327 327 332 332 332 332 340 340 340 340 349 349 349 349 356 356 356 356 354 354 354 354 345 345 345 345 331 331 331 331 321 321 321 321 321 321 321 321
306 306 306 306 311 311 311 311 319 319 319 319 331 331 331 331 339 339 339 339 343 343 343 343 348 348 348 348 351 351 351 351 352 352 352 352 350 350 350 350 342 342 342 342 335 335 335 335 331 331 331 331 328 328 328 328 327 327 327 327 332 332 332 332 340 340 340 340 349 349 349 349 356 356 356 356 354 354 354 354 345 345 345 345 331 331 331 334 324 324 324 324 323 323 323 323
306 306 306 306 311 311 311 311 319 319 319 319 331 331 331 331 339 339 339 339 343 343 343 343 348 348 348 348 351 351 351 351 352 352 352 352 350 350 350 350 342 342 342 342 335 335 335 335 331 331 331 331 328 328 328 328 327 327 323 323 331 331 331 331 341 341 341 341 350 350 350 350 358 358 358 358 359 359 359 359 350 350 350 350 334 334 334 334 324 324 324 324 323 323 323 323
306 306 306 306 311 311 311 311 319 319 319 319 331 331 331 331 339 339 339 339 343 343 343 343 348 348 348 348 351 351 351 351 353 353 353 353 352 352 352 352 342 342 342 342 330 330 330 330 323 323 323 323 321 321 321 321 323 323 323 323 331 331 331 331 341 341 341 341 350 350 350 350 358 358 358 358 359 359 359 359 350 350 350 350 334 334 334 334 324 324 324 324 323 323 323 323
