proyectos/proyecto_grani/grani_viento.asc
ncols       801
nrows       801
xllcorner   268962
yllcorner   5401414
cellsize    30
NODATA_value  -1
[rows 344 to 386 of 801, columns 96 to 191 of 801]
299 301 301 301 301 304 304 304 304 307 307 307 307 309 309 309 309 311 311 311 311 312 312 312 312 312 312 312 312 313 313 313 313 314 314 314 314 319 319 319 319 329 329 329 329 337 337 337 337 343 343 343 343 351 351 351 351 354 354 354 354 351 351 351 351 343 343 343 343 337 337 337 337 332 332 332 325 323 323 323 323 323 323 323 323 322 322 322 322 320 320 320 320 316 316 316
299 301 301 301 301 304 304 304 304 307 307 307 307 309 309 309 309 311 311 311 311 312 312 312 312 312 312 312 312 313 313 313 313 314 314 314 314 319 319 319 319 329 329 329 329 337 337 330 330 337 337 337 337 345 345 345 345 347 347 347 347 342 342 342 342 335 335 335 335 330 330 330 330 325 325 325 325 323 323 323 323 323 323 323 323 322 322 322 322 320 320 320 320 316 316 316
299 301 301 301 301 304 304 304 304 307 307 307 307 309 309 309 309 311 311 311 311 312 312 312 312 313 313 313 313 314 314 314 314 315 315 315 315 318 318 318 318 324 324 324 324 330 330 330 330 337 337 337 337 345 345 345 345 347 347 347 347 342 342 342 342 335 335 335 335 330 330 330 330 325 325 325 325 323 323 323 323 323 323 323 323 322 322 322 322 320 320 320 320 316 316 316
299 302 302 302 302 306 306 306 306 309 309 309 309 310 310 310 310 311 311 311 311 312 312 312 312 313 313 313 313 314 314 314 314 315 315 315 315 318 318 318 318 324 324 324 324 330 330 330 330 337 337 337 337 345 345 345 345 347 347 347 347 342 342 342 342 335 335 335 335 330 330 330 330 325 325 325 325 323 323 323 323 323 323 323 323 322 322 322 322 320 320 320 320 316 316 316
299 302 302 302 302 306 306 306 306 309 309 309 309 310 310 310 310 311 311 311 311 312 312 312 312 313 313 313 313 314 314 314 314 315 315 315 315 318 318 318 318 324 324 324 324 330 330 330 330 337 337 337 337 345 345 345 345 347 347 347 347 342 342 342 342 335 335 335 335 330 330 330 330 325 325 325 322 320 320 320 320 320 320 320 320 320 320 320 320 318 318 318 318 314 314 314
299 302 302 302 302 306 306 306 306 309 309 309 309 310 310 310 310 311 311 311 311 312 312 312 312 313 313 313 313 314 314 314 314 315 315 315 315 318 318 318 318 324 324 324 324 330 330 327 327 333 333 333 333 340 340 340 340 341 341 341 341 335 335 335 335 330 330 330 330 326 326 326 326 322 322 322 322 320 320 320 320 320 320 320 320 320 320 320 320 318 318 318 318 314 314 314
299 302 302 302 302 306 306 306 306 309 309 309 309 310 310 310 310 311 313 313 313 313 313 313 313 315 315 315 315 317 317 317 317 318 318 318 318 321 321 321 321 324 324 324 324 327 327 327 327 333 333 333 333 340 340 340 340 341 341 341 341 335 335 335 335 330 330 330 330 326 326 326 326 322 322 322 322 320 320 320 320 320 320 320 320 320 320 320 320 318 318 318 318 314 314 314
299 304 304 304 304 308 308 308 308 312 312 312 312 313 313 313 313 313 313 313 313 313 313 313 313 315 315 315 315 317 317 317 317 318 318 318 318 321 321 321 321 324 324 324 324 327 327 327 327 333 333 333 333 340 340 340 340 341 341 341 341 335 335 335 335 330 330 330 330 326 326 326 326 322 322 322 322 320 320 320 320 320 320 320 320 320 320 320 320 318 318 318 318 314 314 314
299 304 304 304 304 308 308 308 308 312 312 312 312 313 313 313 313 313 313 313 313 313 313 313 313 315 315 315 315 317 317 317 317 318 318 318 318 321 321 321 321 324 324 324 324 327 327 327 327 333 333 333 333 333 340 340 340 340 341 341 341 341 335 335 335 335 330 330 330 330 326 326 326 326 322 322 321 321 318 318 318 318 316 316 316 316 315 315 315 315 314 314 314 314 312 312
299 304 304 304 304 308 308 308 308 308 312 312 312 312 313 313 313 313 313 313 313 313 313 313 313 313 315 315 315 315 317 317 317 317 318 318 318 318 321 321 321 321 324 324 324 324 327 327 327 327 333 333 333 333 337 337 337 337 336 336 336 336 331 331 331 331 326 326 326 326 324 324 324 324 321 321 321 321 318 318 318 318 316 316 316 316 315 315 315 315 314 314 314 314 312 312
299 299 304 304 304 304 308 308 308 308 312 312 312 312 313 313 313 313 315 315 315 315 316 316 316 316 318 318 318 318 318 318 318 318 320 320 320 320 323 323 323 323 324 324 324 324 327 327 327 327 333 333 333 333 337 337 337 337 336 336 336 336 331 331 331 331 326 326 326 326 324 324 324 324 321 321 321 321 318 318 318 318 316 316 316 316 315 315 315 315 314 314 314 314 312 312
302 302 305 305 305 305 309 309 309 309 314 314 314 314 316 316 316 316 315 315 315 315 316 316 316 316 318 318 318 318 318 318 318 318 320 320 320 320 323 323 323 323 324 324 324 324 327 327 327 327 333 333 333 333 337 337 337 337 336 336 336 336 331 331 331 331 326 326 326 326 324 324 324 324 321 321 321 321 318 318 318 318 316 316 316 316 315 315 315 315 314 314 314 314 312 312
302 302 305 305 305 305 309 309 309 309 314 314 314 314 316 316 316 316 315 315 315 315 316 316 316 316 318 318 318 318 318 318 318 318 320 320 320 320 323 323 323 323 324 324 324 324 327 327 327 327 333 333 333 333 337 337 337 337 336 336 336 336 331 331 331 331 326 326 326 326 324 324 324 324 321 321 319 319 316 316 316 316 314 314 314 314 313 313 313 313 313 313 313 313 312 312
302 302 305 305 305 305 309 309 309 309 314 314 314 314 316 316 316 316 315 315 315 315 316 316 316 316 318 318 318 318 318 318 318 318 320 320 320 320 323 323 323 323 324 324 324 324 327 323 323 323 330 330 330 330 333 333 333 333 332 332 332 332 328 328 328 328 324 324 324 324 321 321 321 321 319 319 319 319 316 316 316 316 314 314 314 314 313 313 313 313 313 313 313 313 312 312
302 302 305 305 305 305 309 309 309 309 314 314 314 314 316 316 316 316 316 316 316 316 317 317 317 317 319 319 319 319 318 318 318 318 319 319 319 319 320 320 320 320 320 320 320 320 323 323 323 323 330 330 330 330 333 333 333 333 332 332 332 332 328 328 328 328 324 324 324 324 321 321 321 321 319 319 319 319 316 316 316 316 314 314 314 314 313 313 313 313 313 313 313 313 312 312
305 305 308 308 308 308 311 311 311 311 315 315 315 315 317 317 317 317 316 316 316 316 317 317 317 317 319 319 319 319 318 318 318 318 319 319 319 319 320 320 320 320 320 320 320 320 323 323 323 323 330 330 330 330 333 333 333 333 332 332 332 332 328 328 328 328 324 324 324 324 321 321 321 321 319 319 319 319 316 316 316 316 314 314 314 314 313 313 313 313 313 313 313 313 312 312
305 305 308 308 308 308 311 311 311 311 315 315 315 315 317 317 317 317 316 316 316 316 317 317 317 317 319 319 319 319 318 318 318 318 319 319 319 319 320 320 320 320 320 320 320 320 323 323 323 323 330 330 330 330 333 333 333 333 332 332 332 332 328 328 328 328 324 324 324 324 321 321 321 321 319 319 320 320 318 318 318 318 316 316 316 316 314 314 314 314 313 313 313 313 314 314
305 305 308 308 308 308 311 311 311 311 315 315 315 315 317 317 317 317 316 316 316 316 317 317 317 317 319 319 319 319 318 318 318 318 319 319 319 319 320 320 320 320 320 320 320 320 323 317 317 317 323 323 323 323 327 327 327 327 327 327 327 327 326 326 326 326 324 324 324 324 322 322 322 322 320 320 320 320 318 318 318 318 316 316 316 316 314 314 314 314 313 313 313 313 314 314
305 305 308 308 308 308 311 311 311 311 315 315 315 315 317 317 317 317 315 315 315 315 317 317 317 317 317 317 317 317 316 316 316 316 316 316 316 316 316 316 316 316 315 315 315 315 317 317 317 317 323 323 323 323 327 327 327 327 327 327 327 327 326 326 326 326 324 324 324 324 322 322 322 322 320 320 320 320 318 318 318 318 316 316 316 316 314 314 314 314 313 313 313 313 314 314
306 306 309 309 309 309 313 313 313 313 316 316 316 316 316 316 316 316 315 315 315 315 317 317 317 317 317 317 317 317 316 316 316 316 316 316 316 316 316 316 316 316 315 315 315 315 317 317 317 317 323 323 323 323 327 327 327 327 327 327 327 327 326 326 326 326 324 324 324 324 322 322 322 322 320 320 320 320 318 318 318 318 316 316 316 316 314 314 314 314 313 313 313 313 314 314
306 306 309 309 309 309 313 313 313 313 316 316 316 316 316 316 316 316 315 315 315 315 317 317 317 317 317 317 317 317 316 316 316 316 316 316 316 316 316 316 316 316 315 315 315 315 317 317 317 317 323 323 323 323 327 327 327 327 327 327 327 327 326 326 326 326 324 324 324 324 322 322 322 322 320 320 322 322 320 320 320 320 317 317 317 317 313 313 313 313 313 313 313 313 315 315
306 306 309 309 309 309 313 313 313 313 316 316 316 316 316 316 316 316 315 315 315 315 317 317 317 317 317 317 317 317 316 316 316 316 316 316 316 316 316 316 316 316 315 315 315 315 317 317 317 317 322 322 322 322 323 323 323 323 323 323 323 323 323 323 323 323 324 324 324 324 323 323 323 323 322 322 322 322 320 320 320 320 317 317 317 317 313 313 313 313 313 313 313 313 315 315
306 306 309 309 309 309 313 313 313 313 316 316 316 316 316 316 316 316 318 318 318 318 319 319 319 319 316 316 316 316 313 313 313 313 313 313 313 313 313 313 313 313 314 314 314 314 317 317 317 317 322 322 322 322 323 323 323 323 323 323 323 323 323 323 323 323 324 324 324 324 323 323 323 323 322 322 322 322 320 320 320 320 317 317 317 317 313 313 313 313 313 313 313 313 315 315
307 307 312 312 312 312 317 317 317 317 319 319 319 319 317 317 317 317 318 318 318 318 319 319 319 319 316 316 316 316 313 313 313 313 313 313 313 313 313 313 313 313 314 314 314 314 317 317 317 317 322 322 322 322 323 323 323 323 323 323 323 323 323 323 323 323 324 324 324 324 323 323 323 323 322 322 322 322 320 320 320 320 317 317 317 317 313 313 313 313 313 313 313 313 315 315
307 307 312 312 312 312 317 317 317 317 319 319 319 319 317 317 317 317 318 318 318 318 319 319 319 319 316 316 316 316 313 313 313 313 313 313 313 313 313 313 313 313 314 314 314 314 317 317 317 317 322 322 322 322 323 323 323 323 323 323 323 323 323 323 323 323 324 324 324 324 323 323 323 323 322 322 322 322 319 319 319 319 315 315 315 315 313 313 313 313 314 314 314 314 318 318
307 307 312 312 312 312 317 317 317 317 319 319 319 319 317 317 317 317 318 318 318 318 319 319 319 319 316 316 316 316 313 313 313 313 313 313 313 313 313 313 313 313 314 314 314 314 317 317 317 317 322 322 322 322 322 322 322 322 320 320 320 320 321 321 321 321 323 323 323 323 323 323 323 323 322 322 322 322 319 319 319 319 315 315 315 315 313 313 313 313 314 314 314 314 318 318
307 307 312 312 312 312 317 317 317 317 319 319 319 319 317 317 317 317 321 321 321 321 321 321 321 321 317 317 317 317 312 312 312 312 310 310 310 310 311 311 311 311 313 313 313 313 317 317 317 317 322 322 322 322 322 322 322 322 320 320 320 320 321 321 321 321 323 323 323 323 323 323 323 323 322 322 322 322 319 319 319 319 315 315 315 315 313 313 313 313 314 314 314 314 318 318
307 307 315 315 315 315 320 320 320 320 321 321 321 321 321 321 321 321 321 321 321 321 321 321 321 321 317 317 317 317 312 312 312 312 310 310 310 310 311 311 311 311 313 313 313 313 317 317 317 317 322 322 322 322 322 322 322 322 320 320 320 320 321 321 321 321 323 323 323 323 323 323 323 323 322 322 322 322 319 319 319 319 315 315 315 315 313 313 313 313 314 314 314 314 318 318
307 307 315 315 315 315 320 320 320 320 321 321 321 321 321 321 321 321 321 321 321 321 321 321 321 321 317 317 317 317 312 312 312 312 310 310 310 310 311 311 311 311 313 313 313 313 317 317 317 317 322 322 322 322 322 322 322 322 320 320 320 320 321 321 321 321 323 323 323 323 323 323 323 323 322 322 322 322 319 319 319 319 316 316 316 316 317 317 317 317 319 319 319 319 319 319
307 307 315 315 315 315 320 320 320 320 321 321 321 321 321 321 321 321 321 321 321 321 321 321 321 321 317 317 317 317 312 312 312 312 310 310 310 310 311 311 311 311 313 313 313 313 317 317 317 317 322 322 322 322 322 322 322 322 319 319 319 319 319 319 319 319 322 322 322 322 323 323 323 323 322 322 322 322 319 319 319 319 316 316 316 316 317 317 317 317 319 319 319 319 319 319
307 307 315 315 315 315 320 320 320 320 321 321 321 321 321 321 321 321 321 322 322 322 322 322 322 322 318 318 318 318 313 313 313 313 310 310 310 310 310 310 310 310 313 313 313 313 317 317 317 317 322 322 322 322 322 322 322 322 319 319 319 319 319 319 319 319 322 322 322 322 323 323 323 323 322 322 322 322 319 319 319 319 316 316 316 316 317 317 317 317 319 319 319 319 319 319
306 306 315 315 315 315 320 320 320 320 321 321 321 321 321 321 321 321 322 322 322 322 322 322 322 322 318 318 318 318 313 313 313 313 310 310 310 310 310 310 310 310 313 313 313 313 317 317 317 317 322 322 322 322 322 322 322 322 319 319 319 319 319 319 319 319 322 322 322 322 323 323 323 323 322 322 322 322 319 319 319 319 316 316 316 316 317 317 317 317 319 319 319 319 319 319
306 306 315 315 315 315 320 320 320 320 321 321 321 321 321 321 321 321 322 322 322 322 322 322 322 322 318 318 318 318 313 313 313 313 310 310 310 310 310 310 310 310 313 313 313 313 317 317 317 317 322 322 322 322 322 322 322 322 319 319 319 319 319 319 319 319 322 322 322 322 323 323 323 323 322 322 324 324 319 319 319 319 319 319 319 319 322 322 322 322 322 322 322 322 318 318
306 306 315 315 315 315 320 320 320 320 321 321 321 321 321 321 321 321 322 322 322 322 322 322 322 322 318 318 318 318 313 313 313 313 310 310 310 310 310 310 310 310 313 313 313 313 317 317 317 317 321 321 321 321 321 321 321 321 318 318 318 318 318 318 318 318 322 322 322 322 325 325 325 325 324 324 324 324 319 319 319 319 319 319 319 319 322 322 322 322 322 322 322 322 318 318
306 306 315 315 315 315 320 320 320 320 321 321 321 321 321 321 321 321 322 322 322 322 322 322 322 322 319 319 319 319 314 314 314 314 309 309 309 309 308 308 308 308 312 312 312 312 317 317 317 317 321 321 321 321 321 321 321 321 318 318 318 318 318 318 318 318 322 322 322 322 325 325 325 325 324 324 324 324 319 319 319 319 319 319 319 319 322 322 322 322 322 322 322 322 318 318
304 304 312 312 312 312 319 319 319 319 320 320 320 320 321 321 321 321 322 322 322 322 322 322 322 322 319 319 319 319 314 314 314 314 309 309 309 309 308 308 308 308 312 312 312 312 317 317 317 317 321 321 321 321 321 321 321 321 318 318 318 318 318 318 318 318 322 322 322 322 325 325 325 325 324 324 324 324 319 319 319 319 319 319 319 319 322 322 322 322 322 322 322 322 318 318
304 304 312 312 312 312 319 319 319 319 320 320 320 320 321 321 321 321 322 322 322 322 322 322 322 322 319 319 319 319 314 314 314 314 309 309 309 309 308 308 308 308 312 312 312 312 317 317 317 317 321 321 321 321 321 321 321 321 318 318 318 318 318 318 318 318 322 322 322 322 325 325 325 325 324 324 325 325 325 320 320 320 320 319 319 319 319 323 323 323 323 322 322 322 322 316
304 304 312 312 312 312 319 319 319 319 320 320 320 320 321 321 321 321 322 322 322 322 322 322 322 322 319 319 319 319 314 314 314 314 309 309 309 309 308 308 308 308 312 312 312 312 312 317 316 316 316 320 320 320 320 319 319 319 319 317 317 317 317 317 317 317 317 321 321 321 321 326 326 326 326 325 325 325 325 320 320 320 320 319 319 319 319 323 323 323 323 322 322 322 322 316
304 304 312 312 312 312 319 319 319 319 320 320 320 320 321 321 321 321 321 324 324 324 324 324 324 324 324 320 320 320 320 314 314 314 314 308 308 308 308 306 306 306 306 310 310 310 310 316 316 316 316 320 320 320 320 319 319 319 319 317 317 317 317 317 317 317 317 321 321 321 321 326 326 326 326 325 325 325 325 320 320 320 320 319 319 319 319 323 323 323 323 322 322 322 322 316
300 300 300 308 308 308 308 316 316 316 316 320 320 320 320 321 321 321 321 324 324 324 324 324 324 324 324 320 320 320 320 314 314 314 314 308 308 308 308 306 306 306 306 310 310 310 310 316 316 316 316 320 320 320 320 319 319 319 319 317 317 317 317 317 317 317 317 321 321 321 321 326 326 326 326 325 325 325 325 320 320 320 320 319 319 319 319 323 323 323 323 322 322 322 322 316
300 300 300 308 308 308 308 316 316 316 316 320 320 320 320 321 321 321 321 324 324 324 324 324 324 324 324 320 320 320 320 314 314 314 314 308 308 308 308 306 306 306 306 310 310 310 310 316 316 316 316 320 320 320 320 319 319 319 319 317 317 317 317 317 317 317 317 321 321 321 321 326 326 326 326 325 325 323 323 318 318 318 318 316 316 316 316 319 319 319 319 318 318 318 318 312
300 300 300 308 308 308 308 316 316 316 316 320 320 320 320 321 321 321 321 324 324 324 324 324 324 324 324 320 320 320 320 314 314 314 314 308 308 308 308 306 306 306 306 310 310 310 310 316 314 314 314 319 319 319 319 317 317 317 317 314 314 314 314 313 313 313 313 317 317 317 317 323 323 323 323 323 323 323 323 318 318 318 318 316 316 316 316 319 319 319 319 318 318 318 318 312
300 300 300 308 308 308 308 316 316 316 316 320 320 320 320 321 321 321 321 325 325 325 325 325 325 325 325 319 319 319 319 314 314 314 314 308 308 308 308 305 305 305 305 308 308 308 308 314 314 314 314 319 319 319 319 317 317 317 317 314 314 314 314 313 313 313 313 317 317 317 317 323 323 323 323 323 323 323 323 318 318 318 318 316 316 316 316 319 319 319 319 318 318 318 318 312
