proyectos/proyecto_grani/grani_ori.asc
ncols       801
nrows       801
xllcorner   268962
yllcorner   5401414
cellsize    30
NODATA_value  -1
[rows 440 to 483 of 801, columns 672 to 767 of 801]
10 16 16 27 27 34 34 35 35 38 38 32 32 27 27 29 29 32 32 35 35 37 46 59 59 60 60 61 61 63 63 64 64 65 65 68 68 67 67 62 62 63 63 74 74 80 80 73 73 96 96 117 117 126 126 124 124 131 131 129 129 122 122 127 127 128 128 122 122 83 83 51 51 50 50 65 65 78 78 78 72 83 83 103 103 114 114 119 119 139 139 180 180 266 266 261
13 18 18 21 21 26 26 33 33 41 41 29 29 22 22 28 28 33 33 43 43 46 46 59 59 60 60 61 61 63 63 64 64 65 65 68 68 67 67 62 62 63 63 74 74 80 80 73 73 96 96 51 51 75 75 83 83 91 91 90 90 80 80 73 73 70 70 59 59 27 27 23 23 39 39 60 60 70 70 72 72 83 83 103 103 114 114 119 119 139 139 180 180 266 266 261
13 18 18 21 21 26 26 33 33 41 41 29 29 22 22 28 28 33 33 43 43 46 47 59 59 58 58 62 62 65 65 67 67 67 67 68 68 64 64 63 63 65 65 71 71 64 64 44 44 46 46 51 51 75 75 83 83 91 91 90 90 80 80 73 73 70 70 59 59 27 27 23 23 39 39 60 60 70 70 72 69 86 86 107 107 111 111 120 120 135 135 252 252 267 267 265
5 9 9 15 15 23 23 33 33 37 37 21 21 15 15 22 22 35 35 40 40 47 47 59 59 58 58 62 62 65 65 67 67 67 67 68 68 64 64 63 63 65 65 71 71 64 64 44 44 46 46 36 36 55 55 55 55 54 54 41 41 39 39 38 38 34 34 16 16 4 4 14 14 41 41 61 61 66 66 69 69 86 86 107 107 111 111 120 120 135 135 252 252 267 267 265
5 9 9 15 15 23 23 33 33 37 37 21 21 15 15 22 22 35 35 40 40 47 53 58 58 55 55 60 60 59 59 62 62 57 57 54 54 48 48 41 41 46 46 50 50 33 33 13 13 16 16 36 36 55 55 55 55 54 54 41 41 39 39 38 38 34 34 16 16 4 4 14 14 41 41 61 61 66 66 69 78 91 91 110 110 108 108 105 105 162 162 323 323 256 256 259
244 325 325 90 90 14 14 26 26 25 25 13 13 13 13 21 21 36 36 44 44 53 53 58 58 55 55 60 60 59 59 62 62 57 57 54 54 48 48 41 41 46 46 50 50 33 33 13 13 16 16 38 38 47 47 45 45 34 34 20 20 21 21 25 25 24 24 16 16 13 13 25 25 57 57 68 68 70 70 78 78 91 91 110 110 108 108 105 105 162 162 323 323 256 256 259
244 325 325 90 90 14 14 26 26 25 25 13 13 13 13 21 21 36 36 44 44 53 65 68 68 66 66 69 69 66 66 61 61 49 49 39 39 32 32 27 27 31 31 33 33 18 18 12 12 19 19 38 38 47 47 45 45 34 34 20 20 21 21 25 25 24 24 16 16 13 13 25 25 57 57 68 68 70 70 78 85 91 91 101 101 115 115 77 77 225 225 309 309 255 255 252
217 233 233 248 248 350 350 24 24 28 28 23 23 27 27 41 41 58 58 63 63 65 65 68 68 66 66 69 69 66 66 61 61 49 49 39 39 32 32 27 27 31 31 33 33 18 18 12 12 19 19 42 42 44 44 41 41 24 24 20 20 22 22 20 20 20 20 23 23 24 24 44 44 66 66 71 71 76 76 85 85 91 91 101 101 115 115 77 77 225 225 309 309 255 255 252
217 233 233 248 248 350 350 24 24 28 28 23 23 27 27 41 41 58 58 63 63 65 81 81 81 81 81 76 76 69 69 51 51 33 33 23 23 21 21 22 22 28 28 23 23 10 10 15 15 21 21 42 42 44 44 41 41 24 24 20 20 22 22 20 20 20 20 23 23 24 24 44 44 66 66 71 71 76 76 85 88 87 87 87 87 110 110 49 49 225 225 225 304 304 261 261
214 222 222 229 229 253 253 21 21 44 44 48 48 63 63 82 82 85 85 85 85 81 81 81 81 81 81 76 76 69 69 51 51 33 33 23 23 21 21 21 22 22 28 28 23 23 10 10 15 15 21 40 40 44 44 46 46 28 28 25 25 25 26 26 26 26 28 28 36 36 46 46 65 65 68 68 70 70 83 83 88 88 87 87 87 87 110 110 49 49 225 225 304 304 261 261
214 222 222 229 229 253 253 21 21 21 44 44 48 48 63 63 82 82 85 85 85 85 100 100 93 93 86 86 71 71 58 58 37 37 19 19 15 15 20 20 23 23 24 24 19 19 14 14 16 16 23 23 40 40 44 44 46 46 28 28 25 25 26 26 26 26 28 28 36 36 46 46 65 65 68 68 70 70 83 83 84 84 83 83 84 84 86 86 56 56 14 14 248 248 326 326
215 215 225 225 234 234 243 243 234 234 71 71 85 85 97 97 105 105 114 114 104 104 100 100 93 93 86 86 71 71 58 58 37 37 19 19 15 15 20 20 23 23 24 24 19 19 14 14 16 16 23 28 37 37 57 57 48 48 34 34 31 31 32 32 34 34 43 43 54 54 65 65 73 73 68 68 70 70 86 86 84 84 83 83 84 84 86 86 56 56 14 14 248 248 326 326
215 215 225 225 234 234 243 243 234 234 71 71 85 85 97 97 105 105 114 114 104 104 117 117 104 104 96 96 73 73 53 53 37 37 20 20 20 20 28 28 27 27 19 19 14 14 15 15 23 23 28 28 37 37 57 57 48 48 34 34 31 31 32 32 34 34 43 43 54 54 65 65 73 73 68 68 70 70 86 86 78 78 81 81 81 81 67 67 63 63 36 36 243 243 315 315
219 219 234 234 241 241 242 242 228 228 144 144 107 107 108 108 107 107 123 123 122 122 117 117 104 104 96 96 73 73 53 53 37 37 20 20 20 20 28 28 27 27 19 19 14 14 15 15 23 23 28 33 52 52 64 64 42 42 38 38 34 34 35 35 40 40 53 53 67 67 84 84 87 87 78 78 78 78 81 81 78 78 81 81 81 81 67 67 63 63 36 36 243 243 315 315
219 219 234 234 241 241 242 242 228 228 144 144 107 107 108 108 107 107 123 123 122 122 128 128 120 120 126 126 113 113 99 99 82 82 84 84 97 97 87 87 53 53 18 18 10 10 15 15 29 29 33 33 52 52 64 64 42 42 38 38 34 34 35 35 40 40 53 53 67 67 84 84 87 87 78 78 78 78 81 81 82 82 80 80 75 75 62 62 68 68 53 53 270 270 225 225
223 223 235 235 243 243 236 236 226 226 186 186 128 128 115 115 107 107 113 113 129 129 128 128 120 120 126 126 113 113 99 99 82 82 84 84 97 97 87 87 53 53 18 18 10 10 15 15 29 29 33 52 64 64 49 49 40 40 43 43 35 35 42 42 50 50 64 64 77 77 92 92 93 93 95 95 89 89 84 84 82 82 80 80 75 75 62 62 68 68 53 53 270 270 225 225
223 223 235 235 243 243 236 236 226 226 186 186 128 128 115 115 107 107 113 113 129 129 129 129 130 130 139 139 144 144 147 147 142 142 147 147 157 157 164 164 171 171 185 185 194 194 193 193 71 71 52 52 64 64 49 49 40 40 43 43 35 35 42 42 50 50 64 64 77 77 92 92 93 93 95 95 89 89 84 84 89 89 86 86 80 80 71 71 81 81 106 106 149 149 185 185
229 229 234 234 238 238 233 233 223 223 193 193 146 146 126 126 120 120 109 109 122 122 129 129 130 130 139 139 144 144 147 147 142 142 147 147 157 157 164 164 171 171 185 185 194 194 193 193 71 71 52 147 86 86 41 41 48 48 47 47 47 47 58 58 65 65 72 72 74 74 77 77 82 82 99 99 98 98 91 91 89 89 86 86 80 80 71 71 81 81 106 106 149 149 185 185
229 229 234 234 238 238 233 233 223 223 193 193 146 146 126 126 120 120 109 109 122 122 119 119 123 123 131 131 137 137 144 144 146 146 145 145 154 154 166 166 174 174 184 184 193 193 195 195 184 184 147 147 86 86 41 41 48 48 47 47 47 47 58 58 65 65 72 72 74 74 77 77 82 82 99 99 98 98 91 91 81 81 81 81 81 81 76 76 90 90 85 85 106 106 202 202
227 227 228 228 231 231 231 231 223 223 206 206 153 153 120 120 124 124 112 112 108 108 119 119 123 123 131 131 137 137 144 144 146 146 145 145 154 154 166 166 174 174 184 184 193 193 195 195 184 184 147 195 186 186 52 52 63 63 56 56 67 67 79 79 79 79 76 76 71 71 68 68 77 77 92 92 95 95 83 83 81 81 81 81 81 81 76 76 90 90 85 85 106 106 202 202
227 227 228 228 231 231 231 231 223 223 206 206 153 153 120 120 124 124 112 112 108 108 99 99 98 98 100 100 105 105 110 110 121 121 122 122 133 133 147 147 161 161 174 174 186 186 194 194 198 198 195 195 186 186 52 52 63 63 56 56 67 67 79 79 79 79 76 76 71 71 68 68 77 77 92 92 95 95 83 83 75 75 75 75 75 75 72 72 93 93 66 66 72 72 45 45
211 211 217 217 227 227 232 232 229 229 218 218 157 157 112 112 113 113 112 112 97 97 99 99 98 98 100 100 105 105 110 110 121 121 122 122 133 133 147 147 161 161 174 174 186 186 194 194 198 198 195 207 204 204 191 191 130 130 85 85 83 83 88 88 85 85 81 81 79 79 72 72 73 73 81 81 83 83 81 81 75 75 75 75 75 75 72 72 93 93 66 66 72 72 45 45
211 211 217 217 227 227 232 232 229 229 218 218 157 157 112 112 113 113 112 112 97 97 73 73 66 66 62 62 63 63 68 68 77 77 87 87 103 103 117 117 135 135 153 153 171 171 191 191 203 203 207 207 204 204 191 191 130 130 85 85 83 83 88 88 85 85 81 81 79 79 72 72 73 73 81 81 83 83 81 81 85 85 82 82 74 74 67 67 77 77 82 82 90 90 103 103
196 196 210 210 229 229 233 233 232 232 227 227 175 175 110 110 107 107 103 103 87 87 73 73 66 66 62 62 63 63 68 68 77 77 87 87 103 103 117 117 135 135 153 153 171 171 191 191 203 203 207 203 199 199 188 188 163 163 138 138 109 109 95 95 93 93 92 92 93 93 83 83 78 78 81 81 84 84 90 90 85 85 82 82 74 74 67 67 77 77 82 82 90 90 103 103
196 196 210 210 229 229 233 233 232 232 227 227 175 175 110 110 107 107 103 103 87 87 53 53 46 46 43 43 47 47 53 53 61 61 75 75 92 92 98 98 110 110 129 129 152 152 183 183 200 200 203 203 199 199 188 188 163 163 138 138 109 109 95 95 93 93 92 92 93 93 83 83 78 78 81 81 84 84 90 90 94 94 91 91 77 77 69 69 73 73 79 79 113 113 129 129
194 194 216 216 235 235 235 235 233 233 225 225 190 190 123 123 94 94 80 80 63 63 53 53 46 46 43 43 47 47 53 53 61 61 75 75 92 92 98 98 110 110 129 129 152 152 183 183 200 200 203 193 189 189 180 180 165 165 148 148 129 129 106 106 104 104 104 104 106 106 103 103 92 92 88 88 86 86 89 89 94 94 91 91 77 77 69 69 73 73 79 79 113 113 129 129
194 194 216 216 235 235 235 235 233 233 225 225 190 190 123 123 94 94 80 80 63 63 50 50 45 45 46 46 51 51 58 58 67 67 75 75 81 81 80 80 93 93 107 107 130 130 171 171 189 189 193 193 189 189 180 180 165 165 148 148 129 129 106 106 104 104 104 104 106 106 103 103 92 92 88 88 86 86 89 89 97 97 96 96 87 87 81 81 82 82 90 90 108 108 124 124
205 205 234 234 242 242 237 237 235 235 227 227 205 205 139 139 71 71 58 58 53 53 50 50 45 45 46 46 51 51 58 58 67 67 75 75 81 81 80 80 93 93 107 107 130 130 171 171 189 189 193 182 180 180 176 176 163 163 148 148 129 129 108 108 103 103 102 102 102 102 110 110 108 108 93 93 87 87 87 87 97 97 96 96 87 87 81 81 82 82 90 90 108 108 124 124
205 205 234 234 242 242 237 237 235 235 227 227 205 205 139 139 71 71 58 58 53 53 84 84 74 74 70 70 75 75 82 82 83 83 72 72 65 65 67 67 85 85 94 94 110 110 150 150 177 177 182 182 180 180 176 176 163 163 148 148 129 129 108 108 103 103 102 102 102 102 110 110 108 108 93 93 87 87 87 87 97 97 95 95 94 94 103 103 92 92 98 98 99 99 104 104
230 230 250 250 248 248 240 240 241 241 242 242 240 240 198 198 62 62 69 69 80 80 84 84 74 74 70 70 75 75 82 82 83 83 72 72 65 65 67 67 85 85 94 94 110 110 150 150 177 177 182 175 178 178 175 175 168 168 157 157 137 137 117 117 98 98 87 87 84 84 98 98 114 114 96 96 87 87 91 91 97 97 95 95 94 94 103 103 92 92 98 98 99 99 104 104
230 230 250 250 248 248 240 240 241 241 242 242 240 240 198 198 62 62 69 69 80 80 132 132 134 134 124 124 116 116 113 113 109 109 86 86 73 73 78 78 85 85 87 87 90 90 123 123 158 158 175 175 178 178 175 175 168 168 157 157 137 137 117 117 98 98 87 87 84 84 98 98 114 114 96 96 87 87 91 91 97 97 95 95 92 92 103 103 93 93 88 88 77 77 72 72
236 236 249 249 247 247 241 241 243 243 256 256 269 269 243 243 99 99 98 98 116 116 132 132 134 134 124 124 116 116 113 113 109 109 86 86 73 73 78 78 85 85 87 87 90 90 123 123 158 158 175 175 178 178 179 179 175 175 169 169 152 152 142 142 111 111 91 91 86 86 92 92 103 103 101 101 92 92 96 96 97 97 95 95 92 92 103 103 93 93 88 88 77 77 72 72
236 236 249 249 247 247 241 241 243 243 256 256 269 269 243 243 99 99 98 98 116 116 132 142 151 151 145 145 139 139 136 136 137 137 133 133 116 116 108 108 99 99 95 95 89 89 105 105 136 136 164 164 178 178 179 179 175 175 169 169 152 152 142 142 111 111 91 91 86 86 92 92 103 103 101 101 92 92 96 96 95 95 94 94 91 91 89 89 87 87 78 78 69 69 67 67
233 233 240 240 238 238 235 235 243 243 257 257 269 269 194 194 114 114 109 109 124 124 142 142 151 151 145 145 139 139 136 136 137 137 133 133 116 116 108 108 99 99 95 95 89 89 105 105 136 136 164 145 176 176 180 180 175 175 169 169 157 157 157 157 130 130 110 110 100 100 93 93 91 91 100 100 95 95 95 95 95 95 94 94 91 91 89 89 87 87 78 78 69 69 67 67
233 233 240 240 238 238 235 235 243 243 257 257 269 269 194 194 114 114 109 109 124 124 142 127 140 140 139 139 136 136 137 137 135 135 133 133 128 128 124 124 113 113 108 108 103 103 101 101 112 112 145 145 176 176 180 180 175 175 169 169 157 157 157 157 130 130 110 110 100 100 93 93 91 91 100 100 95 95 95 95 93 93 94 94 100 100 86 86 77 77 64 64 68 68 56 56
236 236 242 242 238 238 239 239 252 252 260 260 261 261 225 225 101 101 102 102 112 112 127 127 140 140 139 139 136 136 137 137 135 135 133 133 128 128 124 124 113 113 108 108 103 103 101 101 112 112 145 127 167 167 176 176 176 176 172 172 162 162 166 166 154 154 125 125 114 114 97 97 89 89 97 97 97 97 93 93 93 93 94 94 100 100 86 86 77 77 64 64 68 68 56 56
236 236 242 242 238 238 239 239 252 252 260 260 261 261 225 225 101 101 102 102 112 112 127 101 107 107 111 111 109 109 114 114 123 123 123 123 127 127 128 128 124 124 121 121 118 118 111 111 111 111 127 127 167 167 176 176 176 176 172 172 162 162 166 166 154 154 125 125 114 114 97 97 89 89 97 97 97 97 93 93 93 93 94 94 100 100 78 78 64 64 57 57 58 58 47 47
240 240 243 243 242 242 246 246 256 256 257 257 253 253 207 207 100 100 90 90 98 98 101 101 107 107 111 111 109 109 114 114 123 123 123 123 127 127 128 128 124 124 121 121 118 118 111 111 111 111 127 119 144 144 165 165 176 176 176 176 170 170 164 164 165 165 151 151 135 135 115 115 101 101 100 100 100 100 93 93 93 93 94 94 100 100 78 78 64 64 57 57 57 58 58 47
240 240 243 243 242 242 246 246 256 256 257 257 253 253 207 207 100 100 90 90 98 98 101 70 70 70 74 74 77 77 77 77 101 101 106 106 112 112 118 118 125 125 125 125 122 122 122 117 117 114 114 119 119 144 144 165 165 176 176 176 176 170 170 164 164 165 165 151 151 135 135 115 115 101 101 100 100 100 100 93 100 97 97 96 96 85 85 73 73 59 59 64 64 58 58 52
135 231 231 233 233 239 239 242 242 252 252 253 253 252 252 227 227 92 92 75 75 78 78 70 70 70 70 74 74 77 77 77 77 101 101 106 106 112 112 118 118 125 125 125 125 122 122 117 117 114 114 90 90 94 94 125 125 149 149 162 162 167 167 166 166 169 169 159 159 143 143 135 135 121 121 112 112 112 112 100 100 97 97 96 96 85 85 73 73 59 59 64 64 58 58 52
135 231 231 233 233 239 239 242 242 252 252 253 253 252 252 227 227 92 92 75 75 78 78 49 49 47 47 47 47 42 42 48 48 62 62 70 70 73 73 76 76 90 90 99 99 99 99 110 110 95 95 90 90 94 94 125 125 149 149 162 162 167 167 166 166 169 169 159 159 143 143 135 135 121 121 112 112 112 112 100 111 101 101 96 96 83 83 73 73 67 67 77 77 70 70 67
122 218 218 234 234 238 238 237 237 247 247 267 267 258 258 251 251 356 356 69 69 60 60 49 49 47 47 47 47 42 42 48 48 62 62 70 70 73 73 76 76 90 90 99 99 99 99 110 110 95 95 90 53 56 56 76 76 94 94 115 115 134 134 151 151 166 166 165 165 142 142 134 134 122 122 115 115 120 120 111 111 101 101 96 96 83 83 73 73 67 67 77 77 70 70 67
122 218 218 234 234 238 238 237 237 247 247 267 267 258 258 251 251 356 356 69 69 60 60 36 36 36 36 32 32 30 30 46 46 50 50 53 53 52 52 50 50 56 56 58 58 66 66 71 71 60 60 53 53 56 56 76 76 94 94 115 115 134 134 151 151 166 166 165 165 142 142 134 134 122 122 115 115 120 120 111 111 85 85 95 95 86 86 88 88 90 90 90 90 87 87 86
124 205 205 218 218 218 218 223 223 247 247 264 264 259 259 266 266 327 327 59 59 41 41 36 36 36 36 32 32 30 30 46 46 50 50 53 53 52 52 50 50 56 56 58 58 66 66 71 71 60 60 53 39 52 52 61 61 62 62 57 57 63 63 77 77 88 88 129 129 133 133 112 112 94 94 92 92 91 91 91 91 85 85 95 95 86 86 88 88 90 90 90 90 87 87 86
