proyectos/proyecto_cholila/output_fire_step.asc
ncols        1201
nrows        1201
xllcorner    -71.333472221689
yllcorner    -43.000138888889
cellsize   0.0002777777777777775607 
NODATA_value	-1 
[rows 440 to 494 of 1201, columns 768 to 863 of 1201]
850 850 850 800 800 750 750 700 700 650 650 650 600 600 600 550 550 550 500 500 500 500 450 450 450 450 450 400 400 400 400 400 400 350 350 350 350 350 350 350 300 300 300 300 300 300 300 300 300 300 300 300 350 350 350 350 400 400 400 450 500 550 600 950 1050 1100 1100 1150 1150 1200 1250 1250 1300 1300 1350 1350 1350 1350 1400 1400 1450 1500 1550 1600 1750 1800 1850 1900 1900 1950 1950 1950 2000 2000 2000 2000
850 850 800 800 750 750 700 700 700 650 650 600 600 600 600 550 550 550 500 500 500 500 500 450 450 450 450 400 400 400 400 400 400 350 350 350 350 350 350 350 350 350 300 300 300 300 300 300 300 300 300 350 350 350 350 350 400 400 400 450 500 550 600 850 1000 1050 1100 1100 1100 1150 1150 1200 1250 1250 1300 1300 1350 1350 1350 1400 1400 1450 1500 1600 1700 1800 1850 1900 1950 1950 1950 1950 2000 2000 2000 2000
850 800 800 750 750 750 700 700 650 650 650 600 600 600 550 550 550 550 500 500 500 500 500 450 450 450 450 450 400 400 400 400 400 400 350 350 350 350 350 350 350 350 350 300 300 300 300 300 300 300 350 350 350 350 350 350 400 400 450 450 500 550 600 700 950 1000 1050 1050 1100 1100 1150 1150 1200 1200 1250 1300 1300 1350 1350 1400 1400 1500 1550 1600 1650 1750 1800 1850 1950 1950 1950 1950 2000 2000 2000 2000
850 800 800 750 750 700 700 700 650 650 650 600 600 600 550 550 550 550 500 500 500 500 500 450 450 450 450 450 400 400 400 400 400 400 350 350 350 350 350 350 350 350 350 350 350 350 350 350 350 350 350 350 350 350 350 400 400 400 450 450 500 550 600 650 900 950 1000 1050 1050 1050 1100 1150 1150 1200 1250 1300 1300 1350 1350 1400 1450 1500 1550 1600 1650 1750 1850 1850 1900 1950 1950 2000 2000 2000 2000 2000
800 800 750 750 750 700 700 650 650 650 650 600 600 600 550 550 550 550 500 500 500 500 500 450 450 450 450 450 400 400 400 400 400 400 400 350 350 350 350 350 350 350 350 350 350 350 350 350 350 350 350 350 350 350 350 400 400 400 450 450 500 550 550 650 850 950 1000 1000 1050 1050 1100 1150 1200 1250 1250 1300 1350 1350 1400 1450 1500 1550 1600 1650 1750 1800 1850 1850 1900 1900 1950 1950 2000 2000 2000 2000
800 800 750 750 700 700 700 650 650 650 650 600 600 600 550 550 550 550 550 500 500 500 500 450 450 450 450 450 450 400 400 400 400 400 400 400 350 350 350 350 350 350 350 350 350 350 350 350 350 350 350 350 350 350 400 400 400 400 450 450 500 550 550 650 750 900 950 1000 1050 1100 1100 1150 1200 1200 1250 1300 1350 1350 1400 1450 1550 1600 1600 1700 1750 1800 1850 1850 1900 1900 1950 1950 1950 2000 2000 2000
800 750 750 750 700 700 700 650 650 650 600 600 600 600 550 550 550 550 550 500 500 500 500 500 450 450 450 450 450 400 400 400 400 400 400 400 400 350 350 350 350 350 350 350 350 350 350 350 350 350 350 350 350 350 400 400 400 450 450 450 500 550 550 600 700 900 950 1000 1050 1100 1150 1150 1200 1200 1250 1250 1300 1300 1350 1400 1500 1550 1600 1650 1700 1750 1800 1850 1850 1900 1900 1950 1950 1950 2000 2000
800 750 750 750 700 700 700 650 650 650 600 600 600 600 550 550 550 550 550 500 500 500 500 500 450 450 450 450 450 450 400 400 400 400 400 400 400 400 350 350 350 350 350 350 350 350 350 350 350 350 350 350 350 400 400 400 400 450 450 500 500 550 550 600 700 850 950 1000 1050 1050 1100 1150 1150 1200 1200 1250 1250 1250 1300 1350 1450 1500 1550 1600 1650 1700 1750 1800 1850 1850 1850 1900 1950 1950 2000 2000
750 750 750 700 700 700 700 650 650 650 600 600 600 600 550 550 550 550 550 500 500 500 500 500 450 450 450 450 450 450 400 400 400 400 400 400 400 400 400 350 350 350 350 350 350 350 350 350 350 350 350 350 400 400 400 400 400 450 450 500 500 550 550 600 650 800 900 950 1000 1000 1050 1100 1100 1150 1200 1200 1250 1300 1300 1350 1400 1450 1500 1550 1550 1650 1700 1750 1800 1800 1800 1850 1900 1950 1950 2000
750 750 750 700 700 700 700 650 650 650 600 600 600 600 600 550 550 550 550 500 500 500 500 500 500 450 450 450 450 450 450 400 400 400 400 400 400 400 400 400 350 350 350 350 350 350 350 350 350 350 350 400 400 400 400 400 450 450 450 500 500 550 550 600 650 750 900 950 950 1000 1000 1050 1100 1150 1150 1200 1250 1250 1300 1350 1400 1450 1450 1500 1550 1600 1700 1750 1800 1800 1800 1850 1850 1950 1950 2000
750 750 750 700 700 700 650 650 650 650 600 600 600 600 600 550 550 550 550 500 500 500 500 500 500 450 450 450 450 450 450 450 400 400 400 400 400 400 400 400 400 400 350 350 350 350 350 350 350 400 400 400 400 400 400 400 450 450 450 500 500 550 550 600 650 750 850 900 950 950 1000 1000 1050 1100 1150 1200 1200 1250 1250 1300 1350 1400 1450 1450 1500 1550 1650 1750 1800 1800 1800 1850 1850 1950 2000 2000
750 750 750 700 700 700 650 650 650 650 600 600 600 600 600 550 550 550 550 550 500 500 500 500 500 450 450 450 450 450 450 450 400 400 400 400 400 400 400 400 400 400 400 400 400 400 400 400 400 400 400 400 400 400 400 450 450 450 500 500 500 550 550 600 650 700 850 900 950 950 950 1000 1050 1150 1150 1200 1200 1200 1250 1300 1350 1350 1400 1450 1500 1500 1550 1600 1700 1800 1850 1900 1950 1950 2000 2000
750 750 750 700 700 700 650 650 650 650 600 600 600 600 600 550 550 550 550 550 500 500 500 500 500 500 450 450 450 450 450 450 450 400 400 400 400 400 400 400 400 400 400 400 400 400 400 400 400 400 400 400 400 400 400 450 450 450 500 500 500 550 600 600 650 700 800 900 900 950 950 1000 1100 1150 1150 1150 1200 1200 1250 1250 1300 1350 1350 1400 1450 1500 1500 1550 1600 1800 1950 1950 2000 2000 2000 2000
750 750 700 700 700 700 650 650 650 650 650 600 600 600 600 550 550 550 550 550 500 500 500 500 500 500 450 450 450 450 450 450 450 450 400 400 400 400 400 400 400 400 400 400 400 400 400 400 400 400 400 400 400 400 450 450 450 450 500 500 550 550 600 600 650 700 750 850 900 950 950 1000 1100 1150 1150 1150 1200 1200 1250 1250 1300 1300 1350 1400 1450 1500 1550 1600 1650 1800 1900 1950 2000 2000 2000 2000
750 750 700 700 700 700 650 650 650 650 650 600 600 600 600 550 550 550 550 550 550 500 500 500 500 500 500 450 450 450 450 450 450 450 450 400 400 400 400 400 400 400 400 400 400 400 400 400 400 400 400 400 400 450 450 450 450 500 500 500 550 550 600 600 650 700 750 850 900 900 950 1000 1050 1100 1150 1150 1200 1200 1200 1250 1250 1300 1350 1400 1450 1500 1550 1600 1600 1700 1750 1900 1950 2000 2000 2000
750 750 700 700 700 700 650 650 650 650 650 600 600 600 600 600 550 550 550 550 550 500 500 500 500 500 500 450 450 450 450 450 450 450 450 450 400 400 400 400 400 400 400 400 400 400 400 400 400 400 400 400 450 450 450 450 450 500 500 500 550 550 600 600 650 700 750 850 900 900 950 1000 1050 1100 1150 1150 1200 1200 1200 1250 1250 1300 1350 1400 1450 1500 1550 1600 1650 1700 1750 1850 1900 1950 2000 2000
750 750 700 700 700 700 650 650 650 650 650 600 600 600 600 600 550 550 550 550 550 500 500 500 500 500 500 500 450 450 450 450 450 450 450 450 450 400 400 400 400 400 400 400 400 400 400 400 400 400 400 450 450 450 450 450 450 500 500 500 550 550 600 600 650 700 750 800 850 900 950 1000 1050 1100 1150 1150 1200 1200 1250 1250 1300 1300 1350 1400 1450 1550 1600 1650 1700 1750 1800 1850 1900 1950 1950 2000
750 750 700 700 700 700 700 650 650 650 650 600 600 600 600 600 550 550 550 550 550 550 500 500 500 500 500 500 500 450 450 450 450 450 450 450 450 450 400 400 400 400 400 400 400 400 400 400 400 400 450 450 450 450 450 450 500 500 500 550 550 550 600 600 650 700 750 800 850 900 1000 1050 1100 1100 1150 1150 1200 1250 1250 1300 1300 1300 1350 1400 1500 1600 1650 1700 1750 1800 1800 1850 1900 1950 2000 2000
750 750 700 700 700 700 700 650 650 650 650 600 600 600 600 600 550 550 550 550 550 550 500 500 500 500 500 500 500 450 450 450 450 450 450 450 450 450 450 450 400 400 400 400 400 400 400 400 450 450 450 450 450 450 450 450 500 500 500 550 550 550 600 650 650 700 750 800 850 900 1000 1050 1100 1100 1150 1150 1200 1250 1250 1250 1300 1300 1350 1350 1500 1600 1650 1700 1750 1800 1850 1850 1950 1950 2000 2000
750 750 700 700 700 700 700 650 650 650 650 650 600 600 600 600 600 550 550 550 550 550 550 500 500 500 500 500 500 500 450 450 450 450 450 450 450 450 450 450 450 450 450 450 450 450 450 450 450 450 450 450 450 450 450 500 500 500 500 550 550 600 600 650 650 700 750 800 850 950 1000 1050 1100 1100 1100 1150 1150 1200 1200 1250 1300 1300 1350 1400 1500 1600 1650 1700 1700 1750 1800 1800 1900 1950 2000 2000
750 750 700 700 700 700 700 650 650 650 650 650 600 600 600 600 600 550 550 550 550 550 550 500 500 500 500 500 500 500 500 450 450 450 450 450 450 450 450 450 450 450 450 450 450 450 450 450 450 450 450 450 450 450 500 500 500 500 550 550 550 600 600 650 650 700 750 800 850 950 1000 1050 1050 1050 1100 1100 1150 1150 1200 1250 1300 1300 1350 1400 1500 1600 1650 1700 1700 1700 1750 1750 1800 1900 1950 2000
750 750 700 700 700 700 700 650 650 650 650 650 600 600 600 600 600 600 550 550 550 550 550 550 500 500 500 500 500 500 500 500 450 450 450 450 450 450 450 450 450 450 450 450 450 450 450 450 450 450 450 450 450 450 500 500 500 500 550 550 550 600 600 650 650 700 750 800 850 950 1000 1000 1050 1050 1050 1100 1100 1150 1200 1200 1250 1300 1350 1400 1450 1600 1650 1700 1700 1700 1700 1750 1800 1850 1900 1950
750 750 750 700 700 700 700 650 650 650 650 650 600 600 600 600 600 600 550 550 550 550 550 550 500 500 500 500 500 500 500 500 500 450 450 450 450 450 450 450 450 450 450 450 450 450 450 450 450 450 450 450 450 500 500 500 500 550 550 550 550 600 600 650 650 700 750 800 850 950 950 1000 1000 1000 1050 1050 1100 1100 1150 1200 1250 1350 1400 1450 1500 1550 1650 1650 1700 1700 1700 1750 1800 1850 1900 1950
750 750 750 700 700 700 700 650 650 650 650 650 650 600 600 600 600 600 550 550 550 550 550 550 550 500 500 500 500 500 500 500 500 500 450 450 450 450 450 450 450 450 450 450 450 450 450 450 450 450 450 450 500 500 500 500 500 550 550 550 600 600 600 650 650 700 750 800 800 900 950 1000 1000 1000 1050 1050 1100 1100 1150 1200 1250 1300 1400 1500 1550 1600 1650 1650 1700 1700 1700 1750 1800 1850 1900 1900
750 750 750 700 700 700 700 700 650 650 650 650 650 600 600 600 600 600 600 550 550 550 550 550 550 550 500 500 500 500 500 500 500 500 500 450 450 450 450 450 450 450 450 450 450 450 450 450 450 450 450 500 500 500 500 500 500 550 550 550 600 600 650 650 650 700 750 800 800 900 950 1000 1000 1050 1050 1050 1100 1150 1200 1250 1300 1350 1500 1550 1600 1650 1650 1650 1700 1700 1700 1750 1750 1850 1900 1950
750 750 750 700 700 700 700 700 650 650 650 650 650 600 600 600 600 600 600 550 550 550 550 550 550 550 550 500 500 500 500 500 500 500 500 500 500 450 450 450 450 450 450 450 450 450 450 450 450 500 500 500 500 500 500 500 550 550 550 550 600 600 650 650 700 700 750 800 800 850 900 1000 1050 1050 1100 1100 1150 1150 1200 1250 1350 1450 1550 1600 1600 1650 1650 1650 1700 1700 1750 1750 1800 1850 1900 1950
750 750 750 700 700 700 700 700 650 650 650 650 650 650 600 600 600 600 600 600 550 550 550 550 550 550 550 500 500 500 500 500 500 500 500 500 500 500 500 450 450 450 450 450 450 450 450 500 500 500 500 500 500 500 500 550 550 550 550 600 600 600 650 650 700 700 750 800 800 850 900 950 1050 1100 1150 1200 1200 1250 1250 1350 1500 1550 1600 1600 1600 1650 1650 1700 1700 1700 1750 1750 1800 1850 1950 1950
750 750 750 700 700 700 700 700 650 650 650 650 650 650 600 600 600 600 600 600 550 550 550 550 550 550 550 550 500 500 500 500 500 500 500 500 500 500 500 500 500 500 500 500 500 500 500 500 500 500 500 500 500 500 500 550 550 550 550 600 600 600 650 650 700 700 750 800 800 850 900 950 1050 1150 1200 1250 1350 1400 1500 1500 1550 1550 1550 1600 1600 1600 1600 1650 1700 1700 1750 1750 1800 1850 1900 1950
750 750 750 750 700 700 700 700 700 650 650 650 650 650 600 600 600 600 600 600 600 550 550 550 550 550 550 550 550 500 500 500 500 500 500 500 500 500 500 500 500 500 500 500 500 500 500 500 500 500 500 500 500 500 550 550 550 550 600 600 600 650 650 650 700 700 750 800 800 850 900 1000 1100 1150 1200 1300 1400 1500 1500 1550 1550 1550 1550 1550 1600 1600 1600 1650 1700 1750 1750 1750 1800 1850 1900 1950
750 750 750 750 700 700 700 700 700 650 650 650 650 650 650 600 600 600 600 600 600 600 550 550 550 550 550 550 550 550 500 500 500 500 500 500 500 500 500 500 500 500 500 500 500 500 500 500 500 500 500 500 500 550 550 550 550 550 600 600 600 650 650 650 700 700 750 800 800 850 950 1050 1100 1150 1200 1250 1400 1450 1500 1550 1550 1550 1550 1600 1600 1600 1600 1650 1700 1750 1750 1800 1850 1900 1900 1950
750 750 750 750 700 700 700 700 700 650 650 650 650 650 650 600 600 600 600 600 600 600 550 550 550 550 550 550 550 550 550 500 500 500 500 500 500 500 500 500 500 500 500 500 500 500 500 500 500 500 500 500 550 550 550 550 550 600 600 600 600 650 650 700 700 700 750 800 800 950 1050 1100 1150 1200 1250 1300 1400 1450 1500 1550 1550 1550 1600 1600 1600 1650 1650 1700 1750 1750 1800 1800 1850 1900 1950 1950
750 750 750 750 700 700 700 700 700 700 650 650 650 650 650 650 600 600 600 600 600 600 600 550 550 550 550 550 550 550 550 550 500 500 500 500 500 500 500 500 500 500 500 500 500 500 500 500 500 500 500 550 550 550 550 550 550 600 600 600 650 650 650 700 700 750 750 800 800 950 1050 1150 1250 1300 1350 1350 1400 1500 1550 1600 1600 1600 1650 1650 1650 1700 1700 1750 1800 1800 1850 1850 1900 1900 1950 1950
750 750 750 750 750 700 700 700 700 700 650 650 650 650 650 650 600 600 600 600 600 600 600 600 550 550 550 550 550 550 550 550 550 550 500 500 500 500 500 500 500 500 500 500 500 500 500 500 500 500 550 550 550 550 550 550 600 600 600 600 650 650 650 700 700 750 750 800 800 900 950 1100 1200 1250 1300 1350 1450 1500 1550 1600 1600 1650 1650 1650 1650 1700 1700 1750 1800 1850 1850 1900 1900 1900 1950 1950
750 750 750 750 750 700 700 700 700 700 650 650 650 650 650 650 650 600 600 600 600 600 600 600 550 550 550 550 550 550 550 550 550 550 550 550 500 500 500 500 500 500 500 500 500 500 500 500 500 550 550 550 550 550 550 550 600 600 600 600 650 650 650 700 700 750 750 800 800 850 900 950 1050 1150 1250 1300 1350 1450 1500 1550 1600 1650 1650 1700 1700 1700 1750 1750 1800 1850 1900 1900 1950 1950 1950 1950
750 750 750 750 750 700 700 700 700 700 700 650 650 650 650 650 650 600 600 600 600 600 600 600 600 550 550 550 550 550 550 550 550 550 550 550 550 550 500 500 500 500 500 500 500 500 550 550 550 550 550 550 550 550 550 600 600 600 600 650 650 650 700 700 700 750 750 800 850 850 900 950 1000 1150 1200 1250 1300 1350 1400 1450 1550 1650 1700 1700 1750 1750 1750 1800 1800 1850 1900 1950 1950 1950 1950 2000
750 750 750 750 750 700 700 700 700 700 700 650 650 650 650 650 650 650 600 600 600 600 600 600 600 600 550 550 550 550 550 550 550 550 550 550 550 550 550 550 550 550 550 550 550 550 550 550 550 550 550 550 550 550 600 600 600 600 600 650 650 650 700 700 700 750 750 800 850 850 900 950 1000 1100 1150 1200 1250 1250 1300 1300 1350 1500 1650 1700 1750 1800 1850 1850 1900 1900 1950 1950 1950 1950 1950 2000
750 750 750 750 750 750 700 700 700 700 700 700 650 650 650 650 650 650 650 600 600 600 600 600 600 600 600 550 550 550 550 550 550 550 550 550 550 550 550 550 550 550 550 550 550 550 550 550 550 550 550 550 550 550 600 600 600 600 650 650 650 650 700 700 750 750 750 800 850 900 900 1000 1050 1150 1200 1200 1250 1250 1300 1350 1350 1400 1450 1550 1750 1800 1850 1850 1900 1900 1950 1950 1950 1950 2000 2000
800 750 750 750 750 750 700 700 700 700 700 700 650 650 650 650 650 650 650 600 600 600 600 600 600 600 600 600 550 550 550 550 550 550 550 550 550 550 550 550 550 550 550 550 550 550 550 550 550 550 550 550 550 600 600 600 600 600 650 650 650 700 700 700 750 750 800 800 850 900 950 950 1050 1150 1200 1250 1250 1300 1300 1350 1350 1400 1400 1450 1550 1700 1800 1850 1850 1900 1950 1950 1950 2000 2000 2000
800 750 750 750 750 750 750 700 700 700 700 700 700 650 650 650 650 650 650 650 600 600 600 600 600 600 600 600 600 550 550 550 550 550 550 550 550 550 550 550 550 550 550 550 550 550 550 550 550 550 550 550 600 600 600 600 600 650 650 650 650 700 700 700 750 750 800 800 850 950 1000 1050 1100 1150 1200 1250 1300 1300 1350 1350 1350 1400 1400 1450 1450 1550 1700 1750 1800 1850 1850 1900 1950 1950 2000 2000
800 750 750 750 750 750 750 700 700 700 700 700 700 650 650 650 650 650 650 650 650 600 600 600 600 600 600 600 600 600 600 550 550 550 550 550 550 550 550 550 550 550 550 550 550 550 550 550 550 550 550 600 600 600 600 600 600 650 650 650 650 700 700 700 750 750 800 800 850 950 1050 1150 1200 1200 1250 1250 1300 1350 1350 1350 1400 1400 1400 1450 1450 1500 1600 1700 1750 1750 1800 1850 1900 1950 1950 2000
800 800 750 750 750 750 750 700 700 700 700 700 700 700 650 650 650 650 650 650 650 650 600 600 600 600 600 600 600 600 600 600 550 550 550 550 550 550 550 550 550 550 550 550 550 550 550 550 550 600 600 600 600 600 600 600 650 650 650 650 700 700 700 750 750 750 800 800 850 900 1000 1100 1200 1250 1300 1300 1350 1350 1350 1400 1400 1400 1400 1450 1450 1500 1550 1600 1700 1750 1800 1850 1850 1950 1950 2000
800 800 750 750 750 750 750 750 700 700 700 700 700 700 700 650 650 650 650 650 650 650 600 600 600 600 600 600 600 600 600 600 600 600 550 550 550 550 550 550 550 550 550 550 550 550 550 550 600 600 600 600 600 600 600 650 650 650 650 650 700 700 700 750 750 750 800 800 850 900 900 1000 1100 1200 1300 1300 1350 1350 1400 1400 1400 1400 1450 1450 1500 1500 1550 1600 1700 1800 1850 1900 1950 1950 2000 2000
800 800 750 750 750 750 750 750 700 700 700 700 700 700 700 650 650 650 650 650 650 650 650 600 600 600 600 600 600 600 600 600 600 600 600 600 600 550 550 550 550 550 550 550 550 600 600 600 600 600 600 600 600 600 600 650 650 650 650 700 700 700 700 750 750 800 800 850 850 900 950 1000 1050 1100 1200 1300 1300 1350 1400 1400 1400 1450 1450 1450 1500 1550 1600 1600 1700 1800 1900 1950 2000 2000 2000 2000
800 800 800 750 750 750 750 750 750 700 700 700 700 700 700 700 650 650 650 650 650 650 650 650 600 600 600 600 600 600 600 600 600 600 600 600 600 600 600 600 600 600 600 600 600 600 600 600 600 600 600 600 600 600 650 650 650 650 650 700 700 700 750 750 750 800 800 850 850 900 950 1000 1050 1050 1100 1200 1250 1300 1350 1400 1400 1450 1450 1500 1550 1550 1600 1650 1700 1750 1850 1950 1950 2000 2000 2000
800 800 800 750 750 750 750 750 750 700 700 700 700 700 700 700 650 650 650 650 650 650 650 650 650 600 600 600 600 600 600 600 600 600 600 600 600 600 600 600 600 600 600 600 600 600 600 600 600 600 600 600 600 650 650 650 650 650 700 700 700 700 750 750 750 800 800 850 850 950 1000 1000 1050 1100 1150 1200 1250 1250 1300 1300 1350 1400 1450 1500 1550 1600 1650 1650 1700 1750 1750 1800 1900 1950 2000 2000
800 800 800 750 750 750 750 750 750 750 700 700 700 700 700 700 700 650 650 650 650 650 650 650 650 650 600 600 600 600 600 600 600 600 600 600 600 600 600 600 600 600 600 600 600 600 600 600 600 600 600 600 650 650 650 650 650 650 700 700 700 700 750 750 800 800 800 850 900 950 1000 1050 1100 1100 1150 1200 1200 1250 1250 1300 1350 1350 1400 1450 1500 1600 1600 1650 1700 1750 1750 1750 1850 1900 1950 2000
800 800 800 800 750 750 750 750 750 750 700 700 700 700 700 700 700 700 650 650 650 650 650 650 650 650 650 650 600 600 600 600 600 600 600 600 600 600 600 600 600 600 600 600 600 600 600 600 600 600 600 650 650 650 650 650 650 700 700 700 700 750 750 750 800 800 800 850 900 900 1000 1050 1100 1150 1200 1200 1250 1250 1300 1300 1350 1400 1400 1450 1500 1550 1600 1600 1650 1700 1750 1800 1850 1850 1950 1950
800 800 800 800 750 750 750 750 750 750 750 700 700 700 700 700 700 700 700 650 650 650 650 650 650 650 650 650 650 600 600 600 600 600 600 600 600 600 600 600 600 600 600 600 600 600 600 600 600 600 650 650 650 650 650 650 650 700 700 700 700 750 750 750 800 800 850 850 900 950 1000 1050 1100 1150 1200 1200 1250 1300 1350 1350 1400 1400 1450 1450 1500 1550 1600 1600 1650 1700 1750 1800 1850 1900 1950 1950
800 800 800 800 800 750 750 750 750 750 750 750 700 700 700 700 700 700 700 700 650 650 650 650 650 650 650 650 650 650 650 600 600 600 600 600 600 600 600 600 600 600 600 600 600 600 600 600 600 650 650 650 650 650 650 650 700 700 700 700 750 750 750 750 800 800 850 850 950 1000 1050 1100 1150 1150 1200 1200 1300 1350 1350 1400 1450 1450 1500 1500 1500 1550 1600 1600 1650 1700 1750 1850 1900 1900 1950 1950
800 800 800 800 800 750 750 750 750 750 750 750 700 700 700 700 700 700 700 700 700 650 650 650 650 650 650 650 650 650 650 650 650 600 600 600 600 600 600 600 600 600 600 600 600 600 600 650 650 650 650 650 650 650 650 700 700 700 700 700 750 750 750 800 800 800 850 900 1000 1050 1100 1150 1150 1150 1200 1200 1350 1400 1450 1450 1450 1500 1500 1550 1550 1600 1600 1650 1650 1700 1700 1750 1850 1900 1950 1950
800 800 800 800 800 800 750 750 750 750 750 750 750 700 700 700 700 700 700 700 700 650 650 650 650 650 650 650 650 650 650 650 650 650 650 600 600 600 600 600 600 600 600 600 650 650 650 650 650 650 650 650 650 650 700 700 700 700 700 750 750 750 750 800 800 800 850 900 1000 1100 1150 1200 1200 1250 1300 1350 1400 1400 1450 1500 1500 1500 1550 1550 1550 1600 1600 1650 1650 1700 1700 1750 1850 1900 1950 2000
800 800 800 800 800 800 750 750 750 750 750 750 750 750 700 700 700 700 700 700 700 700 650 650 650 650 650 650 650 650 650 650 650 650 650 650 650 650 650 650 650 650 650 650 650 650 650 650 650 650 650 650 650 650 700 700 700 700 700 750 750 750 800 800 800 850 850 950 1050 1100 1150 1200 1250 1250 1300 1300 1350 1400 1400 1450 1450 1500 1550 1550 1600 1600 1650 1650 1700 1700 1750 1800 1850 1900 1950 1950
850 800 800 800 800 800 800 750 750 750 750 750 750 750 700 700 700 700 700 700 700 700 700 700 650 650 650 650 650 650 650 650 650 650 650 650 650 650 650 650 650 650 650 650 650 650 650 650 650 650 650 650 650 700 700 700 700 700 750 750 750 750 800 800 800 850 900 950 1000 1050 1150 1200 1250 1250 1250 1250 1300 1350 1400 1400 1450 1500 1550 1550 1600 1600 1650 1700 1700 1700 1750 1800 1850 1900 1950 1950
850 800 800 800 800 800 800 750 750 750 750 750 750 750 750 700 700 700 700 700 700 700 700 700 700 650 650 650 650 650 650 650 650 650 650 650 650 650 650 650 650 650 650 650 650 650 650 650 650 650 650 650 700 700 700 700 700 700 750 750 750 750 800 800 800 850 950 950 1000 1050 1100 1200 1250 1250 1250 1250 1300 1350 1350 1400 1450 1500 1550 1600 1600 1650 1650 1700 1700 1750 1800 1850 1900 1950 1950 1950
850 850 800 800 800 800 800 800 750 750 750 750 750 750 750 750 700 700 700 700 700 700 700 700 700 700 650 650 650 650 650 650 650 650 650 650 650 650 650 650 650 650 650 650 650 650 650 650 650 650 650 700 700 700 700 700 700 750 750 750 750 800 800 800 850 850 950 950 1000 1000 1050 1100 1200 1250 1250 1300 1300 1350 1350 1400 1400 1450 1500 1550 1600 1600 1650 1700 1750 1750 1800 1850 1900 1950 1950 1950
