proyectos/proyecto_cholila/output_fire_step.asc
ncols        1201
nrows        1201
xllcorner    -71.333472221689
yllcorner    -43.000138888889
cellsize   0.0002777777777777775607 
NODATA_value	-1 
[rows 385 to 439 of 1201, columns 768 to 863 of 1201]
1550 1550 1550 1550 1550 1550 1550 1550 1550 1550 1550 1600 1600 1650 1650 1700 1750 1800 1850 1900 1950 2000 2000 2000 2000 2050 2050 2050 2050 2050 2100 2100 2100 2150 2150 2150 2150 2200 2200 2200 2200 2250 2250 2250 2300 2300 2300 2350 2350 2350 2350 2400 2400 2400 2450 2450 2450 2450 2500 2500 0 0 0 0 0 0 0 0 0 0 0 0 0 0 0 0 0 0 0 0 0 0 0 0 0 0 0 0 0 0 0 0 0 0 0 0
1500 1500 1500 1500 1500 1500 1500 1500 1500 1550 1550 1550 1550 1600 1600 1650 1700 1750 1850 1900 1950 2000 2000 2000 2000 2050 2050 2050 2050 2050 2100 2100 2100 2100 2150 2150 2150 2150 2200 2200 2200 2250 2250 2250 2250 2300 2300 2300 2350 2350 2350 2350 2400 2400 2400 2450 2450 2450 2500 2500 2500 0 0 0 0 0 0 0 0 0 0 0 0 0 0 0 0 0 0 0 0 0 0 0 0 0 0 0 0 0 0 0 0 0 0 0
1500 1500 1500 1500 1500 1500 1500 1500 1500 1500 1500 1500 1550 1550 1550 1600 1600 1650 1750 1900 1950 2000 2000 2000 2000 2050 2050 2050 2050 2050 2050 2100 2100 2100 2100 2150 2150 2150 2150 2200 2200 2200 2250 2250 2250 2300 2300 2300 2350 2350 2350 2350 2400 2400 2400 2400 2450 2450 2450 2500 2500 2500 0 0 0 0 0 0 0 0 0 0 0 0 0 0 0 0 0 0 0 0 0 0 0 0 0 0 0 0 0 0 0 0 0 0
1450 1450 1450 1450 1450 1450 1450 1450 1450 1450 1500 1500 1500 1500 1550 1550 1550 1600 1650 1700 1900 2000 2000 2000 2050 2050 2050 2050 2050 2050 2050 2050 2100 2100 2100 2100 2150 2150 2150 2200 2200 2200 2200 2250 2250 2250 2300 2300 2350 2350 2350 2350 2400 2400 2400 2400 2450 2450 2450 2450 2500 2500 2500 2500 2500 2500 0 0 0 0 0 0 0 0 0 0 0 0 0 0 0 0 0 0 0 0 0 0 0 0 0 0 0 0 0 0
1450 1450 1450 1450 1450 1450 1450 1450 1450 1450 1450 1450 1450 1500 1500 1500 1550 1550 1600 1650 1800 1950 2000 2000 2050 2050 2050 2050 2050 2050 2050 2050 2100 2100 2100 2100 2150 2150 2150 2200 2200 2200 2200 2250 2250 2250 2300 2300 2300 2350 2350 2350 2400 2400 2400 2400 2400 2450 2450 2450 2500 2500 2500 2500 2500 2500 2500 2550 0 0 0 0 0 0 0 0 0 0 0 0 0 0 0 0 0 0 0 0 0 0 0 0 0 0 0 0
1400 1400 1400 1400 1400 1400 1400 1400 1400 1400 1400 1450 1450 1450 1450 1500 1500 1500 1550 1550 1650 1900 2000 2000 2050 2050 2050 2050 2050 2050 2050 2050 2050 2100 2100 2100 2100 2150 2150 2150 2200 2200 2200 2200 2250 2250 2250 2300 2300 2300 2350 2350 2350 2400 2400 2400 2400 2450 2450 2450 2450 2500 2500 2450 2500 2500 2500 2500 2550 2550 0 0 0 0 0 0 0 0 0 0 0 0 0 0 0 0 0 0 0 0 0 0 0 0 0 0
1400 1400 1400 1400 1400 1400 1400 1400 1400 1400 1400 1400 1400 1400 1450 1450 1450 1500 1500 1500 1550 1600 1900 2000 2050 2050 2050 2050 2050 2050 2050 2050 2050 2100 2100 2100 2100 2150 2150 2150 2200 2200 2200 2200 2250 2250 2250 2300 2300 2300 2350 2350 2350 2350 2400 2400 2400 2450 2450 2450 2450 2450 2450 2450 2450 2450 2450 2450 2500 2500 2550 2550 2550 0 0 0 0 0 0 0 0 0 0 0 0 0 0 0 0 0 0 0 0 0 0 0
1400 1400 1400 1400 1400 1350 1350 1350 1350 1350 1350 1350 1400 1400 1400 1400 1400 1450 1450 1450 1500 1550 1550 1850 2000 2050 2050 2050 2050 2050 2050 2050 2050 2100 2100 2100 2100 2100 2150 2150 2200 2200 2200 2200 2250 2250 2250 2250 2300 2300 2300 2350 2350 2350 2400 2400 2400 2400 2450 2450 2450 2450 2450 2400 2400 2450 2450 2450 2450 2450 2450 2450 2550 2550 2550 0 0 0 0 0 0 0 0 0 0 0 0 0 0 0 0 0 0 0 0 0
1350 1350 1350 1350 1350 1350 1350 1350 1350 1350 1350 1350 1350 1350 1350 1400 1400 1400 1400 1450 1450 1500 1500 1600 2000 2050 2050 2050 2050 2050 2050 2050 2050 2100 2100 2100 2100 2100 2150 2150 2150 2200 2200 2200 2200 2250 2250 2250 2300 2300 2300 2300 2350 2350 2350 2400 2400 2400 2400 2400 2400 2400 2400 2400 2400 2350 2400 2400 2400 2400 2450 2450 2450 2450 2550 2550 2550 2550 0 0 0 0 0 0 0 0 0 0 0 0 0 0 0 0 0 0
1350 1350 1350 1350 1350 1300 1300 1300 1300 1300 1300 1300 1300 1300 1350 1350 1350 1350 1400 1400 1400 1450 1500 1550 1950 2050 2050 2050 2050 2050 2050 2050 2050 2100 2100 2100 2100 2100 2150 2150 2150 2200 2200 2200 2200 2250 2250 2250 2250 2300 2300 2300 2350 2350 2350 2350 2400 2400 2400 2400 2400 2400 2350 2350 2350 2350 2350 2350 2400 2400 2400 2450 2450 2450 2450 2550 2550 2550 2550 2550 2550 2600 0 0 0 0 0 0 0 0 0 0 0 0 0 0
1300 1300 1300 1300 1300 1300 1300 1300 1300 1300 1300 1300 1300 1300 1300 1300 1350 1350 1350 1350 1400 1400 1450 1500 1600 2050 2050 2050 2050 2050 2050 2050 2050 2100 2100 2100 2100 2100 2150 2150 2150 2150 2200 2200 2200 2250 2250 2250 2250 2300 2300 2300 2300 2350 2350 2350 2350 2400 2400 2400 2400 2400 2350 2350 2350 2300 2300 2300 2350 2350 2400 2400 2400 2450 2450 2450 2450 2450 2450 2450 2550 2550 2550 2600 0 0 0 0 0 0 0 0 0 0 0 0
1300 1300 1300 1300 1300 1250 1250 1250 1250 1250 1250 1250 1250 1250 1250 1300 1300 1300 1350 1350 1350 1400 1400 1450 1550 2000 2050 2100 2100 2050 2050 2050 2050 2100 2100 2100 2100 2100 2150 2150 2150 2150 2200 2200 2200 2200 2250 2250 2250 2250 2300 2300 2300 2300 2350 2350 2350 2350 2400 2400 2350 2350 2300 2300 2300 2300 2300 2300 2300 2300 2350 2350 2400 2400 2400 2400 2400 2400 2400 2400 2400 2450 2450 2550 2600 0 0 0 0 0 0 0 0 0 0 0
1250 1250 1250 1250 1250 1250 1250 1250 1250 1250 1250 1250 1250 1250 1250 1250 1250 1300 1300 1300 1350 1350 1400 1450 1500 2050 2100 2100 2100 2100 2050 2050 2050 2100 2100 2100 2100 2100 2100 2150 2150 2150 2150 2200 2200 2200 2250 2250 2250 2250 2300 2300 2300 2300 2350 2350 2350 2350 2350 2350 2350 2300 2250 2250 2250 2250 2250 2250 2250 2300 2300 2300 2350 2350 2350 2350 2350 2350 2400 2400 2400 2400 2400 2400 2450 2550 2600 0 0 0 0 0 0 0 0 0
1250 1250 1250 1250 1250 1250 1200 1200 1200 1200 1200 1200 1200 1200 1200 1200 1250 1250 1250 1250 1300 1300 1350 1400 1450 2050 2150 2150 2150 2100 2100 2100 2100 2100 2100 2100 2100 2100 2100 2150 2150 2150 2150 2200 2200 2200 2200 2250 2250 2250 2250 2300 2300 2300 2300 2350 2350 2350 2350 2350 2300 2250 2200 2200 2200 2200 2200 2250 2250 2250 2250 2300 2300 2300 2300 2350 2350 2350 2350 2350 2400 2400 2400 2400 2400 2450 2450 2600 2600 0 0 0 0 0 0 0
1250 1250 1200 1200 1200 1200 1200 1200 1200 1200 1200 1200 1200 1200 1200 1200 1200 1200 1250 1250 1250 1300 1300 1350 1400 2050 2200 2200 2150 2100 2100 2100 2100 2100 2100 2100 2100 2100 2100 2150 2150 2150 2150 2150 2150 2200 2200 2200 2200 2200 2250 2250 2300 2300 2300 2300 2300 2350 2350 2350 2250 2200 2150 2150 2150 2200 2200 2200 2200 2250 2250 2250 2250 2300 2300 2300 2300 2350 2350 2350 2350 2350 2350 2400 2400 2400 2400 2450 2450 2600 2600 0 0 0 0 0
1200 1200 1200 1200 1200 1200 1200 1200 1200 1200 1200 1200 1150 1150 1150 1150 1200 1200 1200 1200 1250 1250 1300 1300 1350 1650 2150 2200 2150 2100 2100 2100 2100 2100 2100 2100 2100 2100 2150 2150 2150 2150 2150 2100 2100 2050 2100 2100 2150 2100 2150 2150 2200 2250 2250 2250 2250 2250 2250 2200 2150 2150 2100 2150 2150 2150 2150 2200 2200 2200 2200 2250 2250 2250 2300 2300 2300 2300 2300 2350 2350 2350 2350 2350 2350 2400 2400 2400 2450 2450 2450 2600 0 0 0 0
1200 1200 1200 1200 1200 1200 1150 1150 1150 1150 1150 1150 1150 1150 1150 1150 1150 1150 1150 1200 1200 1200 1250 1300 1300 1350 2100 2150 2150 2150 2100 2100 2100 2100 2100 2100 2100 2100 2150 2150 2150 2150 2100 2100 2050 2050 2050 2050 2050 2050 2050 2050 2100 2100 2150 2150 2150 2150 2150 2100 2100 2050 2100 2100 2100 2100 2150 2150 2150 2200 2200 2200 2250 2250 2250 2250 2250 2250 2300 2300 2300 2300 2350 2350 2350 2350 2400 2400 2400 2400 2450 2450 2600 2650 0 0
1200 1200 1200 1200 1200 1150 1150 1150 1150 1150 1150 1150 1150 1150 1150 1150 1150 1150 1150 1150 1150 1200 1200 1250 1300 1350 1550 2150 2200 2150 2100 2100 2100 2100 2100 2100 2100 2100 2100 2150 2150 2100 2100 2050 2000 2000 2000 2000 2050 2050 2050 2000 2000 1950 2100 2100 2100 2100 2100 2100 2050 2050 2050 2050 2050 2100 2100 2100 2150 2150 2150 2200 2200 2200 2200 2200 2200 2250 2250 2250 2250 2300 2300 2300 2350 2350 2350 2350 2400 2400 2400 2400 2450 2600 2600 0
1150 1150 1150 1150 1150 1150 1150 1150 1150 1150 1150 1100 1100 1100 1100 1100 1100 1100 1100 1100 1150 1150 1150 1200 1250 1300 2050 2200 2200 2150 2150 2100 2100 2100 2100 2100 2100 2100 2100 2150 2100 2050 2050 2000 2000 2000 2000 2000 2000 2000 2000 1950 1900 1900 2000 2050 2050 2050 2050 2050 2050 2050 2050 2050 2050 2050 2050 2100 2100 2100 2150 2150 2150 2150 2200 2200 2200 2200 2250 2250 2250 2250 2300 2300 2300 2300 2350 2350 2350 2400 2400 2400 2400 2450 2450 2600
1150 1150 1150 1150 1150 1150 1150 1100 1100 1100 1100 1100 1100 1100 1100 1100 1100 1100 1100 1100 1100 1100 1150 1150 1250 1350 2250 0 0 2200 2150 2100 2100 2100 2100 2100 2100 2100 2100 2100 2050 2000 2000 2000 2000 1950 1950 1950 1950 1950 1900 1900 1900 1850 1900 1900 1900 1950 1950 1950 1950 2000 2000 2000 2000 2050 2050 2050 2050 2100 2100 2100 2150 2150 2150 2150 2200 2200 2200 2200 2250 2250 2250 2250 2300 2300 2300 2350 2350 2350 2400 2400 2400 2400 2450 2450
1150 1150 1150 1100 1100 1100 1100 1100 1100 1100 1100 1100 1100 1100 1100 1100 1050 1050 1050 1100 1100 1100 1100 1150 1200 1300 2200 0 0 2250 2150 2150 2100 2100 2100 2100 2100 2100 2100 2100 2000 2000 2000 1950 1950 1950 1950 1950 1900 1900 1900 1850 1850 1850 1850 1900 1900 1900 1900 1900 1950 1950 1950 2000 2000 2000 2000 2050 2050 2050 2100 2100 2100 2150 2150 2150 2150 2150 2200 2200 2200 2250 2250 2250 2250 2300 2300 2300 2350 2350 2350 2350 2400 2400 2400 2400
1150 1100 1100 1100 1100 1100 1100 1100 1100 1100 1100 1050 1050 1050 1050 1050 1050 1050 1050 1050 1050 1100 1100 1100 1150 1200 1750 2600 0 2250 2150 2150 2100 2100 2100 2100 2100 2100 2100 2050 2000 2000 1950 1950 1950 1950 1900 1900 1900 1850 1850 1850 1850 1850 1850 1850 1850 1850 1850 1900 1900 1900 1950 1950 2000 2000 2000 2000 2050 2050 2050 2100 2100 2100 2100 2150 2150 2150 2150 2200 2200 2200 2200 2250 2250 2250 2300 2300 2300 2300 2350 2350 2350 2400 2400 2400
1100 1100 1100 1100 1100 1050 1050 1050 1050 1050 1050 1050 1050 1050 1050 1050 1050 1050 1050 1050 1050 1050 1100 1100 1150 1200 1300 2200 2250 2200 2150 2150 2150 2100 2100 2100 2100 2050 2000 2000 2000 1950 1950 1950 1950 1950 1900 1900 1850 1850 1800 1800 1800 1800 1850 1850 1850 1850 1850 1850 1900 1900 1950 1950 1950 2000 2000 2000 2000 2050 2050 2050 2050 2100 2100 2100 2150 2150 2150 2150 2200 2200 2200 2200 2250 2250 2250 2300 2300 2300 2300 2350 2350 2350 2400 2400
1100 1100 1100 1100 1050 1050 1050 1050 1050 1050 1050 1050 1050 1050 1050 1050 1050 1050 1050 1050 1050 1050 1050 1100 1100 1150 1200 1250 2100 2150 2150 2150 2150 2100 2100 2100 2050 2000 2000 2000 2000 1950 1950 1950 1950 1900 1900 1850 1800 1750 1750 1700 1750 1800 1800 1800 1800 1800 1850 1850 1850 1900 1900 1950 1950 1950 2000 2000 2000 2000 2000 2050 2050 2050 2100 2100 2100 2100 2150 2150 2150 2200 2200 2200 2200 2250 2250 2250 2250 2300 2300 2300 2350 2350 2350 2400
1100 1100 1100 1050 1050 1050 1050 1000 1000 1000 1000 1000 1000 1000 1000 1000 1000 1000 1000 1050 1050 1050 1050 1100 1100 1100 1150 1150 1200 1300 2000 2150 2150 2150 2100 2100 2000 2000 2000 2000 2000 2000 1950 1950 1900 1850 1800 1750 1700 150 150 100 1700 1750 1750 1800 1800 1800 1800 1800 1850 1850 1850 1900 1900 1950 1950 1950 2000 2000 2000 2000 2050 2050 2050 2100 2100 2100 2100 2150 2150 2150 2150 2200 2200 2200 2250 2250 2250 2250 2300 2300 2300 2350 2350 2350
1100 1100 1050 1050 1050 1000 1000 1000 1000 1000 1000 1000 1000 1000 1000 1000 1000 1000 1000 1050 1050 1050 1050 1100 1100 1100 1150 1150 1150 1200 1500 2150 2150 2150 2100 2000 2000 2000 2000 2000 2000 1950 1950 1900 1850 1750 200 150 150 150 150 150 150 1700 1750 1750 1750 1750 1800 1800 1800 1800 1850 1850 1850 1900 1900 1950 1950 2000 2000 2000 2000 2050 2050 2050 2050 2100 2100 2100 2150 2150 2150 2150 2200 2200 2200 2200 2250 2250 2250 2300 2300 2300 2350 2350
1050 1050 1050 1050 1050 1000 1000 1000 1000 1000 1000 1000 1000 1000 1000 1000 1000 1000 1050 1050 1050 1100 1100 1100 1150 1150 1200 1250 1250 1350 2100 2250 2200 2150 2100 2000 2000 2000 2000 2000 1950 1900 1850 1750 250 200 200 150 150 150 150 150 150 1650 1700 1700 1750 1750 1750 1750 1750 1800 1800 1800 1850 1850 1850 1900 1900 1950 1950 2000 2000 2000 2000 2050 2050 2050 2100 2100 2100 2100 2150 2150 2150 2200 2200 2200 2200 2250 2250 2250 2300 2300 2300 2350
1050 1050 1050 1050 1000 1000 1000 1000 1000 1000 1000 1000 1000 1000 1000 1000 1000 1050 1100 1100 1150 1150 1200 1250 1300 1400 2300 2600 0 2600 2300 2250 2200 2150 2050 2000 2000 2000 1950 1900 1850 1700 250 250 200 200 150 150 150 150 150 150 150 1600 1650 1700 1700 1700 1700 1700 1750 1750 1750 1800 1800 1800 1850 1850 1900 1900 1950 1950 1950 2000 2000 2000 2050 2050 2050 2050 2100 2100 2100 2150 2150 2150 2200 2200 2200 2200 2250 2250 2250 2300 2300 2300
1050 1050 1000 1000 1000 1000 1000 1000 1000 1000 950 950 1000 1000 1000 1000 1050 1100 1250 2200 0 0 0 0 0 0 0 0 0 0 0 2300 2200 2100 2050 2000 2000 1950 1850 350 300 250 250 200 200 200 150 150 150 150 150 150 150 150 1650 1650 1650 1650 1650 1700 1700 1750 1750 1750 1800 1800 1800 1850 1850 1900 1900 1950 1950 1950 2000 2000 2000 2050 2050 2050 2050 2100 2100 2100 2150 2150 2150 2200 2200 2200 2200 2250 2250 2250 2300 2300
1050 1000 1000 1000 1000 1000 1000 950 950 950 950 950 950 1000 1000 1000 1050 1200 0 0 0 0 0 0 0 0 0 0 0 0 0 2350 2200 2050 2000 2000 1650 350 350 300 250 250 250 200 200 200 150 150 150 150 150 150 150 150 1600 1600 1650 1650 1650 1650 1650 1700 1700 1750 1750 1800 1800 1850 1850 1850 1900 1900 1950 1950 1950 2000 2000 2000 2050 2050 2050 2100 2100 2100 2100 2150 2150 2150 2200 2200 2200 2200 2250 2250 2250 2300
1000 1000 1000 1000 1000 950 950 950 950 950 950 950 950 1000 1100 1250 2600 0 0 0 0 0 0 0 0 0 0 0 0 0 0 2250 2050 1950 450 400 350 350 300 300 250 250 250 200 200 200 200 150 150 150 150 150 150 200 1500 1550 1600 1600 1600 1650 1650 1700 1700 1700 1750 1750 1800 1800 1850 1850 1900 1900 1950 1950 1950 2000 2000 2000 2000 2050 2050 2050 2100 2100 2100 2100 2150 2150 2150 2200 2200 2200 2250 2250 2250 2300
1000 1000 1000 1000 950 950 950 950 950 950 950 950 950 1050 0 0 0 0 0 0 0 0 0 0 0 0 0 0 0 0 2150 550 500 450 400 350 350 300 300 250 250 250 200 200 200 200 200 150 150 150 150 150 150 200 200 1500 1550 1550 1600 1600 1650 1650 1700 1700 1750 1750 1800 1800 1800 1850 1850 1900 1900 1950 1950 1950 2000 2000 2000 2050 2050 2050 2050 2100 2100 2100 2150 2150 2150 2150 2200 2200 2200 2250 2250 2250
1000 1000 1000 950 950 950 950 950 950 950 950 950 950 1000 0 0 0 0 0 0 0 0 0 0 0 0 0 0 2100 550 500 450 450 400 350 350 300 300 300 250 250 250 200 200 200 200 200 150 150 150 150 150 150 200 200 1450 1500 1550 1550 1550 1600 1600 1650 1700 1700 1700 1750 1750 1750 1800 1800 1850 1900 1900 1950 1950 2000 2000 2000 2000 2050 2050 2050 2050 2100 2100 2100 2150 2150 2150 2150 2200 2200 2200 2250 2250
1000 1000 950 950 950 950 950 950 950 950 950 950 950 1350 0 0 0 0 0 0 0 0 0 0 0 0 0 600 550 500 450 450 400 400 350 350 300 300 300 250 250 250 200 200 200 200 200 200 150 150 150 150 200 200 200 1400 1500 1500 1500 1550 1550 1550 1600 1600 1650 1650 1700 1700 1700 1750 1750 1800 1800 1850 1900 1950 2000 2000 2000 2000 2000 2050 2050 2050 2100 2100 2100 2100 2150 2150 2150 2200 2200 2200 2250 2250
950 950 950 950 950 950 950 900 900 900 900 900 950 2550 0 0 0 0 0 0 0 0 0 0 0 0 650 500 500 450 450 400 400 350 350 300 300 300 300 250 250 250 200 200 200 200 200 200 200 200 150 200 200 200 200 300 1450 1500 1500 1500 1500 1550 1550 1550 1600 1600 1650 1650 1700 1700 1700 1750 1750 1800 1850 1950 1950 2000 2000 2000 2000 2050 2050 2050 2050 2100 2100 2100 2150 2150 2150 2200 2200 2200 2200 2250
950 950 950 950 950 950 900 900 900 900 900 900 950 0 0 0 0 0 0 0 0 0 0 0 0 0 550 500 450 450 400 400 350 350 350 300 300 300 250 250 250 250 250 200 200 200 200 200 200 200 200 200 200 200 250 250 1400 1450 1450 1450 1500 1500 1500 1550 1550 1550 1600 1650 1650 1700 1700 1700 1750 1800 1850 1900 1900 1950 1950 2000 2000 2000 2050 2050 2050 2100 2100 2100 2100 2150 2150 2150 2200 2200 2200 2250
950 950 950 950 900 900 900 900 900 900 900 900 900 0 0 0 0 0 0 0 0 0 0 0 0 0 500 450 450 400 400 400 350 350 350 300 300 300 250 250 250 250 250 200 200 200 200 200 200 200 200 200 200 200 250 250 1350 1400 1450 1450 1450 1450 1500 1500 1500 1550 1550 1600 1650 1650 1700 1700 1750 1800 1850 1850 1850 1900 1950 2000 2000 2000 2050 2050 2050 2050 2100 2100 2100 2150 2150 2150 2150 2200 2200 2200
950 950 950 900 900 900 900 900 900 900 900 900 900 0 0 0 0 0 0 0 0 0 0 0 0 550 500 450 450 400 400 400 350 350 350 300 300 300 250 250 250 250 250 200 200 200 200 200 200 200 200 200 200 200 250 250 350 1400 1400 1450 1450 1450 1450 1450 1450 1500 1500 1550 1600 1650 1700 1700 1750 1800 1800 1800 1850 1850 1950 1950 2000 2000 2000 2050 2050 2050 2050 2100 2100 2100 2150 2150 2150 2150 2200 2200
950 950 900 900 900 900 900 900 900 900 900 900 900 900 0 0 0 0 0 0 0 0 0 0 0 500 450 450 400 400 400 350 350 350 300 300 300 300 250 250 250 250 250 250 200 200 200 200 200 200 200 200 200 200 250 250 300 1300 1350 1400 1400 1450 1450 1450 1450 1450 1500 1550 1600 1600 1650 1700 1750 1750 1750 1800 1800 1850 1950 1950 2000 2000 2000 2000 2050 2050 2050 2050 2100 2100 2100 2150 2150 2150 2150 2200
900 900 900 900 900 900 900 900 900 900 850 850 850 850 850 2600 0 0 0 0 0 0 0 0 600 500 450 450 400 400 400 350 350 350 300 300 300 300 300 250 250 250 250 250 200 200 200 200 200 200 200 200 200 250 250 250 300 1150 1300 1350 1400 1400 1450 1450 1450 1500 1500 1550 1600 1600 1650 1700 1700 1750 1750 1750 1750 1800 1900 1950 2000 2000 2000 2000 2050 2050 2050 2050 2100 2100 2100 2100 2150 2150 2150 2150
900 900 900 900 900 900 900 900 850 850 850 850 850 850 800 800 800 2550 0 0 0 0 0 0 500 450 450 450 400 400 400 350 350 350 300 300 300 300 300 250 250 250 250 250 250 200 200 200 200 200 200 200 200 250 250 300 300 400 1300 1350 1350 1400 1400 1450 1450 1450 1500 1550 1550 1600 1650 1650 1700 1700 1700 1750 1750 1800 1850 1900 1950 2000 2000 2000 2000 2050 2050 2050 2050 2100 2100 2100 2100 2150 2150 2150
900 900 900 900 900 900 900 850 850 850 850 850 800 800 800 750 750 750 0 0 0 0 0 550 500 450 450 400 400 400 400 350 350 350 300 300 300 300 300 250 250 250 250 250 250 250 200 200 200 200 200 200 250 250 250 300 300 350 1200 1300 1350 1350 1400 1400 1450 1450 1450 1500 1500 1550 1600 1600 1650 1650 1700 1700 1750 1750 1800 1850 1850 1900 1950 2000 2000 2000 2050 2050 2050 2050 2100 2100 2100 2100 2150 2150
900 900 900 900 900 900 850 850 850 850 850 800 800 800 750 750 750 750 2400 0 0 0 0 500 450 450 450 400 400 400 350 350 350 350 300 300 300 300 300 250 250 250 250 250 250 250 250 250 200 200 250 250 250 250 250 300 300 350 900 1250 1300 1350 1350 1400 1400 1450 1450 1500 1500 1550 1550 1550 1600 1650 1650 1700 1700 1750 1750 1800 1800 1800 1850 1950 2000 2000 2000 2050 2050 2050 2050 2050 2100 2100 2100 2100
900 900 900 900 900 850 850 850 850 850 800 800 800 750 750 750 750 750 750 0 0 0 500 500 450 450 450 400 400 400 350 350 350 350 350 300 300 300 300 300 250 250 250 250 250 250 250 250 250 250 250 250 250 250 250 300 300 350 450 1150 1250 1300 1350 1350 1400 1400 1450 1450 1500 1500 1550 1550 1600 1600 1600 1650 1700 1700 1750 1750 1750 1800 1800 1850 1900 1950 2000 2000 2000 2000 2050 2050 2050 2050 2100 2100
900 900 900 850 850 850 850 850 850 800 800 800 750 750 750 750 750 750 750 750 750 550 500 500 450 450 450 400 400 400 350 350 350 350 350 300 300 300 300 300 250 250 250 250 250 250 250 250 250 250 250 250 250 250 300 300 300 350 400 1050 1200 1250 1250 1300 1350 1350 1400 1400 1450 1450 1500 1550 1550 1600 1600 1600 1650 1700 1700 1750 1750 1750 1800 1850 1850 1900 1900 1950 1950 2000 2000 2000 2050 2050 2050 2050
900 850 850 850 850 850 850 850 800 800 800 800 750 750 750 750 750 700 700 700 550 500 500 450 450 450 450 400 400 400 350 350 350 350 350 300 300 300 300 300 300 250 250 250 250 250 250 250 250 250 250 250 250 250 300 300 300 350 400 550 1150 1200 1250 1300 1300 1350 1350 1400 1400 1400 1450 1500 1500 1550 1600 1600 1650 1650 1700 1700 1750 1750 1750 1800 1800 1850 1850 1850 1900 1900 1950 2000 2000 2000 2050 2050
900 850 850 850 850 850 850 850 800 800 800 750 750 750 750 700 700 700 650 550 550 500 500 450 450 450 400 400 400 400 350 350 350 350 350 300 300 300 300 300 300 250 250 250 250 250 250 250 250 250 250 250 250 300 300 300 350 350 400 500 1100 1150 1200 1250 1250 1300 1300 1350 1350 1400 1400 1450 1450 1500 1600 1600 1650 1650 1650 1700 1700 1700 1750 1750 1750 1800 1800 1850 1850 1900 1950 1950 2000 2000 2000 2050
900 850 850 850 850 850 850 800 800 800 800 750 750 750 700 700 700 600 550 550 500 500 500 450 450 450 400 400 400 400 400 350 350 350 350 300 300 300 300 300 300 300 250 250 250 250 250 250 250 250 250 250 250 300 300 300 350 350 400 450 1000 1100 1150 1200 1250 1250 1300 1300 1300 1350 1350 1400 1400 1450 1500 1600 1600 1650 1650 1650 1650 1700 1700 1750 1750 1750 1800 1800 1850 1900 1950 1950 1950 2000 2000 2000
900 850 850 850 850 850 850 800 800 800 750 750 750 700 700 650 600 600 550 550 500 500 500 450 450 450 400 400 400 400 400 350 350 350 350 350 300 300 300 300 300 300 300 250 250 250 250 250 250 250 250 250 300 300 300 300 350 350 400 450 550 1050 1150 1150 1200 1250 1250 1300 1300 1300 1350 1350 1400 1450 1500 1550 1600 1600 1650 1650 1650 1650 1650 1700 1700 1750 1750 1800 1850 1900 1950 1950 1950 2000 2000 2000
900 850 850 850 850 850 800 800 800 800 750 750 700 700 650 600 600 550 550 500 500 500 450 450 450 450 400 400 400 400 400 350 350 350 350 350 300 300 300 300 300 300 300 300 300 250 250 250 250 250 250 300 300 300 300 300 350 350 400 450 500 1000 1100 1150 1150 1200 1250 1250 1300 1300 1300 1350 1350 1450 1500 1550 1550 1600 1600 1600 1600 1650 1650 1650 1700 1750 1750 1800 1850 1900 1950 1950 1950 2000 2000 2000
900 850 850 850 850 850 800 800 800 750 750 700 700 650 600 600 550 550 550 500 500 500 450 450 450 450 400 400 400 400 400 350 350 350 350 350 350 300 300 300 300 300 300 300 300 300 300 250 300 300 300 300 300 300 300 350 350 350 400 450 500 900 1050 1100 1150 1200 1200 1250 1250 1300 1300 1350 1350 1450 1500 1500 1550 1550 1550 1600 1600 1600 1650 1650 1700 1700 1750 1800 1800 1900 1950 1950 1950 2000 2000 2000
900 850 850 850 850 800 800 800 750 750 700 700 650 650 600 600 550 550 550 500 500 500 450 450 450 450 450 400 400 400 400 350 350 350 350 350 350 300 300 300 300 300 300 300 300 300 300 300 300 300 300 300 300 300 300 350 350 400 400 450 500 600 1000 1100 1150 1150 1200 1200 1250 1300 1300 1350 1400 1450 1450 1500 1500 1500 1550 1550 1550 1600 1650 1650 1700 1750 1750 1800 1850 1900 1950 1950 1950 2000 2000 2000
900 850 850 850 850 800 800 750 750 700 700 650 650 600 600 600 550 550 550 500 500 500 450 450 450 450 450 400 400 400 400 400 350 350 350 350 350 350 300 300 300 300 300 300 300 300 300 300 300 300 300 300 300 300 350 350 350 400 400 450 500 550 950 1050 1100 1150 1200 1200 1250 1300 1300 1350 1350 1400 1450 1450 1450 1500 1500 1500 1550 1550 1600 1650 1700 1750 1800 1850 1900 1900 1950 1950 1950 2000 2000 2000
850 850 850 850 800 800 800 750 700 700 650 650 650 600 600 550 550 550 500 500 500 500 450 450 450 450 450 400 400 400 400 400 350 350 350 350 350 350 350 300 300 300 300 300 300 300 300 300 300 300 300 300 300 300 350 350 350 400 400 450 500 550 850 1050 1100 1150 1200 1200 1250 1300 1300 1350 1350 1350 1400 1400 1450 1450 1500 1500 1500 1550 1550 1650 1700 1750 1800 1850 1900 1900 1950 1950 1950 2000 2000 2000
850 850 850 850 800 800 750 750 700 700 650 650 600 600 600 550 550 550 500 500 500 500 450 450 450 450 450 400 400 400 400 400 350 350 350 350 350 350 350 300 300 300 300 300 300 300 300 300 300 300 300 300 300 350 350 350 350 400 400 450 500 550 650 1000 1100 1100 1150 1200 1200 1250 1300 1300 1300 1350 1350 1400 1400 1400 1450 1450 1500 1500 1550 1600 1700 1800 1850 1850 1900 1900 1950 1950 2000 2000 2000 2000
